1 -1 1
51 1
2 -1 1
15 1
3 -1 1
15 1
4 -1 1
74 1
5 -1 6
44 1
50 1
51 1
57 1
67 1
88 1
6 -1 1
15 1
7 -1 1
52 1
8 -1 1
64 1
9 -1 1
89 1
10 -1 1
75 1
11 -1 2
25 1
94 1
12 -1 1
74 1
13 -1 2
15 1
75 1
14 -1 1
64 1
15 -1 1
50 1
16 -1 1
28 1
17 -1 1
25 1
18 -1 5
4 1
15 1
44 1
48 1
74 1
19 -1 4
2 1
3 1
52 1
64 1
20 -1 2
51 1
74 1
21 -1 1
91 1
22 -1 1
47 1
23 -1 1
25 1
24 -1 3
23 1
44 1
47 1
25 -1 3
2 1
44 2
60 1
26 -1 1
7 1
27 -1 1
95 1
28 -1 1
61 1
29 -1 1
43 2
30 -1 5
44 1
48 1
51 1
67 1
88 1
31 -1 1
21 1
32 -1 1
15 1
33 -1 1
15 1
34 -1 1
7 1
35 -1 1
88 1
36 -1 1
61 2
37 -1 1
31 1
38 -1 4
2 1
15 1
41 1
44 1
39 -1 1
47 1
40 -1 1
95 1
41 -1 1
4 1
42 -1 1
15 1
43 -1 1
48 1
44 -1 3
21 1
44 1
66 1
45 -1 2
4 1
79 1
46 -1 2
15 1
67 1
47 -1 1
15 1
48 -1 1
64 1
49 -1 3
48 1
50 1
64 1
50 -1 1
64 1
51 -1 1
50 1
52 -1 1
15 1
53 -1 1
50 1
54 -1 1
2 1
55 -1 1
64 1
56 -1 1
15 1
57 -1 1
94 1
58 -1 1
15 2
59 -1 1
15 1
60 -1 1
51 1
61 -1 1
51 1
62 -1 1
51 1
63 -1 1
15 1
64 -1 1
48 1
65 -1 1
15 2
66 -1 1
50 1
67 -1 1
88 1
68 -1 97
0 14
1 4
3 3
4 6
5 11
6 5
7 4
8 1
9 4
10 1
11 1
12 5
13 3
14 2
15 6
16 7
17 2
18 3
19 6
20 4
21 6
22 5
23 1
24 3
25 4
26 7
27 2
28 6
29 2
30 2
31 1
32 7
33 2
34 8
35 2
36 6
37 5
38 2
39 3
40 3
41 3
42 7
43 4
44 9
45 1
46 6
47 7
48 2
49 2
50 8
51 9
52 3
53 3
54 7
55 11
56 3
57 6
58 2
59 4
60 3
61 3
62 5
63 3
64 6
65 3
66 3
67 9
68 5
69 5
70 3
71 2
72 8
73 6
74 3
76 2
77 3
78 3
79 4
81 3
82 3
83 7
84 2
85 8
86 1
87 6
88 1
89 6
90 3
91 2
92 4
93 2
94 4
95 4
96 5
97 3
98 2
99 3
69 -1 1
63 3
70 -1 3
36 1
59 1
81 1
71 -1 6
3 1
21 2
25 1
40 1
57 2
85 1
72 -1 1
25 1
73 -1 13
3 1
7 1
21 1
22 1
25 2
44 2
47 2
67 1
69 1
74 2
78 1
85 1
96 1
74 -1 3
25 1
38 1
72 1
75 -1 1
6 1
76 -1 7
5 1
14 1
26 5
27 1
31 2
50 1
69 1
77 -1 1
67 2
78 -1 1
44 1
79 -1 1
33 1
80 -1 1
82 1
81 -1 1
43 1
82 -1 2
9 1
18 1
83 -1 1
16 1
84 -1 1
25 1
85 -1 1
53 1
86 -1 1
89 1
87 -1 1
89 2
88 -1 13
2 1
9 1
10 1
31 1
36 1
42 1
47 1
48 1
51 1
70 1
72 1
94 1
95 1
89 -1 1
38 1
90 -1 2
0 1
73 1
91 -1 1
16 1
92 -1 8
26 1
38 1
41 1
54 1
67 1
92 1
95 1
98 3
93 -1 9
2 1
13 1
14 1
15 3
17 1
27 1
40 1
68 1
89 1
94 -1 1
48 1
95 -1 3
67 1
69 1
88 1
96 -1 4
41 1
50 1
51 1
92 1
97 -1 1
23 1
98 -1 1
5 1
99 -1 1
4 1
100 -1 1
68 1
101 -1 5
19 1
47 1
48 1
73 1
95 2
102 -1 1
52 1
103 -1 1
16 1
104 -1 2
17 1
89 4
105 -1 2
4 1
89 2
106 -1 2
74 1
82 1
107 -1 4
49 2
56 1
82 1
99 2
108 -1 3
52 1
74 3
99 1
109 -1 1
1 1
110 -1 2
22 1
36 1
111 -1 2
28 3
39 3
112 -1 3
65 1
67 1
87 1
113 -1 1
92 1
114 -1 4
18 1
19 1
46 1
92 1
115 -1 1
67 1
116 -1 1
67 1
117 -1 1
46 1
118 -1 2
43 1
46 1
119 -1 8
5 1
9 1
17 1
21 1
27 1
38 1
80 1
92 1
120 -1 3
43 1
57 1
94 1
121 -1 3
3 1
53 1
82 1
122 -1 12
12 1
17 1
22 2
46 1
49 1
50 1
65 1
69 1
72 1
79 1
82 1
87 1
123 -1 1
13 1
124 -1 2
35 1
94 1
125 -1 1
87 1
126 -1 2
27 1
83 1
127 -1 1
43 1
128 -1 2
0 1
73 1
129 -1 1
13 1
130 -1 1
90 1
131 -1 1
4 1
132 -1 1
28 2
133 -1 2
24 1
75 1
134 -1 4
12 1
36 1
44 1
89 1
135 -1 1
9 1
136 -1 1
75 2
137 -1 1
39 1
138 -1 2
53 1
99 1
139 -1 2
41 1
62 1
140 -1 2
16 1
19 1
141 -1 4
1 1
25 1
76 1
84 1
142 -1 2
45 1
98 1
143 -1 7
0 9
57 1
69 1
73 6
77 1
80 2
98 1
144 -1 2
13 5
79 1
145 -1 1
74 1
146 -1 1
93 1
147 -1 1
90 1
148 -1 2
4 1
95 1
149 -1 2
62 1
75 1
150 -1 1
78 1
151 -1 2
23 1
89 1
152 -1 1
44 1
153 -1 2
5 3
43 1
154 -1 1
5 4
155 -1 2
1 1
36 1
156 -1 1
41 1
157 -1 1
65 2
158 -1 1
44 1
159 -1 1
13 1
160 -1 1
28 2
161 -1 2
58 1
94 1
162 -1 1
55 1
163 -1 3
43 1
87 1
99 1
164 -1 1
98 1
165 -1 2
41 1
61 1
166 -1 4
50 1
51 1
87 1
89 1
167 -1 1
32 1
168 -1 3
0 2
44 2
47 1
169 -1 1
20 1
170 -1 2
20 2
91 1
171 -1 18
1 2
5 2
13 2
22 3
30 1
32 1
41 3
46 1
54 4
55 2
59 2
62 1
63 1
66 1
67 2
86 1
88 2
92 2
172 -1 1
2 1
173 -1 14
1 2
3 1
5 2
10 2
12 1
22 2
45 1
54 1
55 1
62 3
67 4
76 2
88 1
92 7
174 -1 1
31 1
175 -1 3
7 1
58 1
78 1
176 -1 2
8 1
43 1
177 -1 16
4 1
5 1
28 2
36 1
44 1
46 1
51 1
63 1
64 1
68 1
74 1
78 2
83 1
84 2
90 1
96 1
178 -1 1
94 1
179 -1 1
19 1
180 -1 1
69 1
181 -1 1
9 1
182 -1 3
33 1
49 1
52 1
183 -1 1
3 1
184 -1 10
4 1
6 1
12 1
19 1
37 1
45 1
59 1
67 1
84 1
85 2
185 -1 1
16 1
186 -1 5
28 1
31 1
74 1
87 1
95 1
187 -1 1
27 1
188 -1 1
91 1
189 -1 1
80 1
190 -1 1
80 1
191 -1 1
15 6
192 -1 29
5 1
6 2
12 1
14 2
15 1
17 1
19 1
23 1
26 1
28 1
29 1
31 1
38 1
39 1
43 1
47 1
50 1
52 1
60 1
61 1
62 1
65 1
69 1
70 1
73 1
84 1
95 1
97 1
98 1
193 -1 1
39 1
194 -1 2
24 1
38 1
195 -1 2
77 1
81 1
196 -1 1
41 1
197 -1 1
90 3
198 -1 1
88 1
199 -1 13
5 1
9 2
13 1
16 1
25 1
31 1
35 1
42 1
44 1
49 1
65 1
70 1
87 1
200 -1 3
1 1
57 1
74 1
201 -1 1
74 1
202 -1 1
1 1
203 -1 58
0 4
1 3
2 1
3 1
5 1
7 1
10 2
13 6
14 1
16 2
17 1
19 5
22 2
25 1
26 1
28 1
29 3
32 1
33 1
34 2
35 1
36 2
38 2
42 1
43 3
44 1
45 2
46 3
48 1
51 3
52 1
54 3
55 2
57 1
64 1
65 1
66 1
67 2
68 1
69 1
70 2
72 3
73 2
74 1
76 1
78 1
84 2
85 4
86 1
87 2
90 3
91 1
92 3
93 1
94 1
95 1
96 1
97 4
204 -1 1
63 5
205 -1 1
63 1
206 -1 1
49 2
207 -1 2
12 1
76 1
208 -1 1
12 1
209 -1 18
9 2
12 1
25 2
32 1
41 1
43 2
44 1
49 2
52 2
55 1
56 1
62 1
68 1
70 3
72 1
76 1
94 1
95 1
210 -1 1
30 1
211 -1 1
62 1
212 -1 6
9 1
52 1
53 1
70 1
75 1
93 1
213 -1 2
68 1
76 1
214 -1 1
29 1
215 -1 2
29 1
32 1
216 -1 1
44 1
217 -1 95
0 9
1 1
3 6
4 4
5 3
6 4
7 7
8 6
9 9
10 5
11 2
12 6
13 6
14 1
15 14
16 6
17 7
18 10
19 4
20 3
21 4
22 4
23 7
24 2
25 4
26 4
28 12
29 4
30 2
31 5
32 5
33 8
35 3
36 1
37 1
38 4
39 2
40 3
41 4
42 2
43 7
44 3
45 6
46 3
47 5
48 3
49 10
50 5
51 4
52 10
53 3
54 2
55 4
56 5
57 2
58 3
59 3
61 7
62 2
63 3
64 8
65 5
66 2
67 11
68 6
69 5
70 4
72 3
73 3
74 3
75 4
76 4
77 6
78 6
79 5
80 2
81 3
82 5
83 2
84 4
85 4
86 1
87 3
88 2
89 5
90 4
91 2
92 7
93 9
94 3
95 4
96 3
97 4
98 6
99 3
218 -1 1
0 2
219 -1 1
46 1
220 -1 1
34 1
221 -1 1
34 1
222 -1 2
34 3
37 1
223 -1 1
84 1
224 -1 1
25 1
225 -1 1
70 1
226 -1 1
93 1
227 -1 4
7 1
85 3
94 2
95 1
228 -1 1
85 1
229 -1 1
85 2
230 -1 1
74 2
231 -1 1
58 1
232 -1 1
58 1
233 -1 1
60 1
234 -1 1
87 1
235 -1 1
44 4
236 -1 8
6 1
19 1
28 1
47 1
69 1
72 1
92 1
93 1
237 -1 1
41 1
238 -1 1
72 1
239 -1 1
68 1
240 -1 1
54 1
241 -1 1
80 1
242 -1 2
19 1
78 1
243 -1 5
4 1
10 1
13 1
61 2
77 1
244 -1 1
92 1
245 -1 5
20 1
40 1
57 1
72 1
93 2
246 -1 9
4 1
15 1
30 1
37 1
59 3
64 1
72 1
80 1
93 6
247 -1 3
23 1
62 1
68 1
248 -1 7
19 1
25 2
37 1
55 1
59 1
65 1
95 1
249 -1 4
18 1
55 1
56 1
75 1
250 -1 18
2 2
15 2
23 1
32 1
34 3
35 1
38 1
54 1
55 1
58 1
61 1
65 3
67 1
69 1
78 1
84 2
85 2
91 1
251 -1 14
5 1
10 1
23 1
28 1
34 2
35 1
38 1
39 1
41 1
45 1
47 1
51 1
72 1
84 1
252 -1 1
39 1
253 -1 1
9 1
254 -1 1
7 1
255 -1 3
9 3
10 1
67 1
256 -1 1
28 1
257 -1 1
58 2
258 -1 4
4 1
24 1
66 2
79 1
259 -1 9
24 1
37 1
41 1
59 1
61 1
80 1
82 2
93 1
96 1
260 -1 62
1 2
3 2
4 5
5 1
7 1
8 1
9 1
10 2
12 1
13 6
15 4
17 1
18 4
22 3
23 1
25 4
26 1
27 2
28 2
29 3
30 1
33 1
36 1
37 1
38 1
39 1
40 1
41 3
44 3
49 2
52 1
54 1
56 3
57 1
58 3
59 1
60 1
62 5
63 1
65 2
67 1
68 1
70 2
71 3
73 3
74 1
76 1
77 1
78 1
79 1
82 1
83 1
84 2
85 1
87 1
90 2
91 2
93 3
96 1
97 4
98 1
99 2
261 -1 6
13 2
20 1
41 1
61 1
64 1
93 1
262 -1 4
40 1
44 1
49 1
72 2
263 -1 1
74 1
264 -1 2
0 2
69 1
265 -1 1
91 1
266 -1 1
32 1
267 -1 1
41 1
268 -1 1
6 1
269 -1 1
13 2
270 -1 1
45 1
271 -1 1
50 1
272 -1 1
43 1
273 -1 1
67 1
274 -1 17
12 1
15 1
17 1
28 1
30 1
34 1
40 2
41 1
50 2
51 1
55 1
65 1
66 1
69 1
76 1
80 1
98 1
275 -1 1
25 1
276 -1 1
44 1
277 -1 1
74 1
278 -1 1
37 1
279 -1 1
13 1
280 -1 2
36 1
62 1
281 -1 1
16 1
282 -1 53
1 1
3 5
4 4
6 1
7 2
9 4
11 2
12 1
13 1
15 1
16 4
17 4
22 3
26 1
29 1
32 2
33 1
34 1
36 1
38 2
39 1
40 2
41 2
42 2
43 3
44 1
45 1
47 1
48 1
49 1
50 2
51 3
52 1
54 2
56 3
61 1
64 2
66 1
68 3
69 1
72 2
73 1
78 3
79 2
81 1
82 2
84 1
87 1
89 1
91 2
94 1
95 2
98 2
283 -1 1
77 1
284 -1 2
74 1
85 1
285 -1 3
41 1
43 1
68 1
286 -1 1
37 1
287 -1 1
94 1
288 -1 1
6 1
289 -1 1
6 2
290 -1 1
84 1
291 -1 1
25 1
292 -1 2
28 2
72 1
293 -1 2
44 2
81 2
294 -1 1
81 1
295 -1 1
25 1
296 -1 1
52 1
297 -1 4
3 1
24 1
25 2
53 1
298 -1 1
76 3
299 -1 1
19 1
300 -1 2
41 1
87 1
301 -1 1
30 1
302 -1 1
25 1
303 -1 1
87 1
304 -1 1
92 1
305 -1 1
23 2
306 -1 1
23 1
307 -1 1
9 2
308 -1 1
67 1
309 -1 1
86 1
310 -1 29
0 1
7 1
9 2
16 2
18 1
21 2
23 1
24 1
26 1
28 1
31 1
33 1
36 1
41 4
44 1
49 3
51 6
53 1
58 1
61 1
62 1
69 1
70 3
73 1
77 1
79 2
84 1
94 1
96 1
311 -1 1
28 1
312 -1 1
0 1
313 -1 1
70 1
314 -1 2
0 2
73 2
315 -1 3
23 2
70 1
82 1
316 -1 1
23 1
317 -1 1
71 1
318 -1 1
36 1
319 -1 1
50 1
320 -1 1
16 1
321 -1 4
19 1
48 1
51 1
65 1
322 -1 1
1 2
323 -1 1
64 1
324 -1 1
47 3
325 -1 1
47 3
326 -1 1
82 1
327 -1 1
15 1
328 -1 2
44 2
63 1
329 -1 2
77 1
98 1
330 -1 2
78 2
86 1
331 -1 1
20 1
332 -1 2
20 1
79 1
333 -1 8
11 1
15 1
18 1
23 3
28 2
34 1
51 1
78 2
334 -1 8
7 1
18 1
34 1
46 2
63 1
67 1
75 1
99 1
335 -1 1
79 1
336 -1 1
78 1
337 -1 2
60 1
79 1
338 -1 2
34 1
96 1
339 -1 1
13 1
340 -1 10
2 2
7 1
18 1
28 3
30 1
47 1
51 1
58 1
85 1
94 1
341 -1 3
33 1
48 1
70 1
342 -1 1
44 1
343 -1 1
19 1
344 -1 2
70 1
84 1
345 -1 1
74 1
346 -1 1
94 1
347 -1 3
30 1
54 1
68 1
348 -1 1
44 1
349 -1 1
15 1
350 -1 1
21 1
351 -1 1
68 1
352 -1 1
16 9
353 -1 1
16 1
354 -1 1
99 1
355 -1 1
26 3
356 -1 3
31 1
85 2
92 2
357 -1 39
1 3
2 1
9 1
13 1
14 3
15 1
21 2
22 1
23 2
32 2
34 2
35 3
40 5
41 1
42 1
43 2
44 1
45 3
49 1
51 1
54 2
55 1
61 2
63 2
64 1
66 1
67 1
68 1
70 1
74 1
75 1
82 1
84 1
85 2
86 1
89 2
92 4
93 1
98 1
358 -1 3
2 1
24 1
28 1
359 -1 3
33 1
68 1
93 1
360 -1 1
55 2
361 -1 1
21 1
362 -1 1
70 1
363 -1 39
0 3
4 1
12 1
14 1
17 1
21 1
22 1
24 1
31 1
32 1
33 1
43 1
44 2
47 2
49 1
50 1
52 2
56 2
57 1
59 3
69 1
71 1
72 1
73 1
74 2
75 2
76 1
78 1
81 1
83 1
84 1
85 2
87 1
90 2
92 1
93 1
94 1
95 2
97 1
364 -1 2
31 4
41 3
365 -1 1
8 1
366 -1 1
31 1
367 -1 6
1 1
28 1
29 1
34 1
49 1
63 1
368 -1 1
78 1
369 -1 3
76 1
84 1
93 1
370 -1 1
74 1
371 -1 1
13 1
372 -1 1
7 1
373 -1 2
25 1
83 1
374 -1 1
25 1
375 -1 22
0 1
2 1
4 1
6 3
11 1
12 1
13 1
15 1
30 1
34 1
37 1
41 2
44 1
45 1
51 1
62 1
73 2
81 1
85 1
93 1
95 1
98 1
376 -1 4
9 1
57 1
63 1
93 1
377 -1 1
62 1
378 -1 5
9 3
16 1
39 1
52 1
93 1
379 -1 1
70 1
380 -1 2
72 2
81 1
381 -1 2
11 1
74 1
382 -1 5
41 1
51 1
71 1
81 1
84 2
383 -1 1
81 1
384 -1 1
32 1
385 -1 1
87 2
386 -1 2
22 1
72 1
387 -1 1
15 1
388 -1 8
7 1
38 1
65 1
72 1
80 1
88 1
92 1
93 1
389 -1 1
28 1
390 -1 1
47 1
391 -1 1
44 1
392 -1 3
5 1
32 1
47 1
393 -1 1
79 1
394 -1 2
57 1
75 3
395 -1 7
34 1
50 1
63 4
75 1
85 1
90 1
95 1
396 -1 10
3 1
15 2
37 1
54 1
63 3
69 1
80 1
91 1
98 1
99 1
397 -1 23
3 1
10 1
11 1
14 1
16 2
18 2
20 1
27 1
29 3
33 1
36 1
40 1
43 1
44 1
53 1
57 1
60 1
66 2
69 1
79 1
82 1
92 1
95 2
398 -1 1
50 1
399 -1 1
68 1
400 -1 1
44 2
401 -1 1
98 1
402 -1 1
28 1
403 -1 1
59 3
404 -1 2
22 1
34 2
405 -1 1
62 1
406 -1 1
16 1
407 -1 1
63 2
408 -1 2
17 1
88 1
409 -1 2
36 1
96 1
410 -1 1
40 2
411 -1 1
83 1
412 -1 1
16 1
413 -1 1
3 2
414 -1 1
92 1
415 -1 3
61 1
66 1
92 3
416 -1 25
9 1
14 1
15 2
16 1
26 2
28 1
31 1
32 1
35 1
41 1
48 1
50 1
53 1
65 2
67 4
69 1
76 1
83 1
85 1
87 1
90 1
91 1
93 1
97 1
98 2
417 -1 1
11 4
418 -1 1
88 1
419 -1 1
96 1
420 -1 1
91 1
421 -1 1
58 1
422 -1 2
0 1
73 1
423 -1 5
10 1
26 1
58 3
91 3
92 3
424 -1 2
0 3
73 2
425 -1 1
32 2
426 -1 1
50 1
427 -1 1
82 1
428 -1 2
43 1
54 1
429 -1 1
37 1
430 -1 1
98 1
431 -1 1
17 1
432 -1 2
72 1
85 1
433 -1 2
54 2
75 1
434 -1 2
18 1
54 1
435 -1 1
59 1
436 -1 6
5 1
13 1
17 1
71 1
75 1
88 1
437 -1 1
54 1
438 -1 1
67 1
439 -1 1
67 2
440 -1 1
15 1
441 -1 1
29 4
442 -1 20
4 1
5 1
19 1
34 1
40 1
42 1
43 2
44 1
48 1
60 1
63 1
67 1
70 1
71 1
73 1
82 1
83 2
90 1
93 1
96 2
443 -1 51
4 3
6 3
11 1
14 1
16 4
17 1
18 2
21 1
22 2
23 1
25 3
26 2
27 1
29 1
30 1
34 1
36 2
38 1
40 1
41 1
44 7
46 1
47 1
52 1
54 1
55 2
56 2
57 2
58 1
65 2
66 1
67 1
68 2
69 2
70 1
74 1
75 2
76 1
77 1
78 4
79 2
80 1
82 4
87 2
91 2
94 3
95 1
96 1
97 2
98 1
99 2
444 -1 1
78 1
445 -1 1
30 1
446 -1 2
67 4
84 2
447 -1 1
67 2
448 -1 2
67 3
84 1
449 -1 1
44 1
450 -1 1
36 1
451 -1 5
15 1
37 1
65 1
67 2
87 2
452 -1 1
83 1
453 -1 1
78 1
454 -1 2
15 2
57 1
455 -1 1
11 1
456 -1 30
3 2
4 1
14 1
17 2
29 1
31 1
32 1
34 1
35 1
41 1
44 1
47 3
49 1
50 1
52 2
57 2
59 3
69 4
72 3
74 1
75 1
76 1
78 1
82 3
83 1
92 1
94 1
95 2
97 1
98 1
457 -1 1
34 1
458 -1 7
0 1
21 1
72 1
73 1
75 1
94 1
95 1
459 -1 2
79 1
82 1
460 -1 1
63 1
461 -1 3
16 1
42 1
96 1
462 -1 3
6 1
8 1
31 1
463 -1 1
24 1
464 -1 4
47 2
50 1
80 1
95 2
465 -1 2
15 1
57 1
466 -1 1
36 1
467 -1 1
7 1
468 -1 1
79 1
469 -1 1
21 2
470 -1 1
51 1
471 -1 1
15 1
472 -1 8
2 1
3 3
9 1
10 1
16 1
18 4
59 1
91 2
473 -1 5
18 6
65 1
66 1
75 1
85 1
474 -1 1
34 1
475 -1 1
60 3
476 -1 1
60 1
477 -1 1
60 1
478 -1 1
34 1
479 -1 1
25 2
480 -1 1
16 1
481 -1 1
25 1
482 -1 1
27 2
483 -1 1
67 3
484 -1 1
67 1
485 -1 1
50 1
486 -1 1
69 1
487 -1 1
48 1
488 -1 1
31 1
489 -1 1
44 1
490 -1 1
64 3
491 -1 3
5 1
6 1
70 1
492 -1 3
5 1
26 1
70 2
493 -1 1
79 1
494 -1 2
9 2
42 1
495 -1 1
69 1
496 -1 6
2 1
17 1
23 1
65 2
67 1
87 2
497 -1 2
14 1
41 1
498 -1 9
3 1
7 1
12 1
34 2
38 1
40 1
50 1
57 1
98 1
499 -1 3
0 1
33 3
49 1
500 -1 4
18 1
25 1
75 3
87 1
501 -1 1
18 1
502 -1 5
1 1
8 1
41 1
58 5
90 1
503 -1 1
11 1
504 -1 1
15 1
505 -1 1
63 1
506 -1 4
11 1
12 1
63 1
95 1
507 -1 2
4 1
58 1
508 -1 2
58 1
86 1
509 -1 2
9 1
86 1
510 -1 1
4 1
511 -1 1
15 1
512 -1 1
43 1
513 -1 1
90 1
514 -1 2
32 3
84 1
515 -1 1
84 1
516 -1 3
66 1
71 1
84 6
517 -1 2
71 1
84 1
518 -1 2
22 1
25 1
519 -1 1
94 3
520 -1 1
76 2
521 -1 3
12 1
36 1
59 1
522 -1 1
13 1
523 -1 1
9 1
524 -1 2
18 4
75 11
525 -1 1
84 1
526 -1 1
69 2
527 -1 1
54 1
528 -1 1
27 1
529 -1 1
49 4
530 -1 1
63 1
531 -1 1
44 1
532 -1 1
76 4
533 -1 2
33 1
35 1
534 -1 7
9 2
43 1
47 1
67 1
68 1
77 1
87 4
535 -1 5
47 1
65 4
66 1
69 2
87 2
536 -1 3
33 5
72 1
78 1
537 -1 9
4 1
24 1
28 5
51 3
65 3
66 1
72 1
87 2
96 1
538 -1 6
0 2
47 1
53 1
70 2
73 1
87 1
539 -1 4
2 1
23 1
28 2
73 1
540 -1 1
23 1
541 -1 1
51 1
542 -1 1
80 1
543 -1 1
29 1
544 -1 1
40 1
545 -1 1
3 1
546 -1 2
40 1
64 1
547 -1 1
57 1
548 -1 2
82 1
87 1
549 -1 3
14 1
82 2
93 3
550 -1 2
16 1
69 1
551 -1 3
41 1
62 6
63 1
552 -1 2
69 2
88 1
553 -1 1
32 1
554 -1 2
24 5
80 1
555 -1 3
4 4
15 1
59 1
556 -1 2
42 2
83 1
557 -1 1
19 1
558 -1 1
85 2
559 -1 11
2 1
18 3
27 1
28 1
32 2
48 1
52 1
74 1
75 3
84 1
91 4
560 -1 2
26 1
88 2
561 -1 1
88 1
562 -1 1
32 1
563 -1 3
32 3
49 1
91 2
564 -1 3
22 1
26 1
88 1
565 -1 1
41 1
566 -1 1
8 1
567 -1 1
81 1
568 -1 1
51 1
569 -1 1
68 1
570 -1 1
87 2
571 -1 1
4 1
572 -1 1
27 4
573 -1 1
5 2
574 -1 1
26 1
575 -1 2
52 2
64 2
576 -1 1
52 1
577 -1 1
57 1
578 -1 1
70 3
579 -1 1
5 1
580 -1 1
5 1
581 -1 2
3 1
45 1
582 -1 1
25 1
583 -1 1
83 2
584 -1 1
83 2
585 -1 1
82 1
586 -1 1
41 1
587 -1 1
30 2
588 -1 1
23 1
589 -1 1
58 2
590 -1 1
96 1
591 -1 3
36 1
55 1
85 1
592 -1 1
85 1
593 -1 1
10 1
594 -1 2
63 1
96 1
595 -1 1
74 1
596 -1 3
15 2
53 1
79 1
597 -1 2
74 1
75 1
598 -1 2
18 1
75 2
599 -1 1
18 1
600 -1 3
37 1
42 1
59 1
601 -1 3
4 1
15 1
69 1
602 -1 2
13 1
26 1
603 -1 6
11 1
16 6
26 3
31 1
70 1
82 1
604 -1 1
41 1
605 -1 1
64 2
606 -1 4
37 1
44 1
53 1
99 1
607 -1 2
17 1
56 1
608 -1 1
83 1
609 -1 2
24 1
80 1
610 -1 2
12 1
43 1
611 -1 7
23 1
28 1
45 1
61 1
93 1
98 1
99 1
612 -1 13
2 1
3 1
17 2
23 1
30 1
32 1
50 1
55 1
57 2
77 1
81 1
84 2
88 1
613 -1 4
70 1
82 1
87 1
93 1
614 -1 4
10 1
23 1
31 1
72 1
615 -1 1
35 1
616 -1 1
39 1
617 -1 1
31 1
618 -1 1
81 1
619 -1 1
9 2
620 -1 2
9 1
38 1
621 -1 1
17 1
622 -1 1
75 1
623 -1 3
17 1
54 1
97 1
624 -1 1
34 1
625 -1 1
37 1
626 -1 8
19 1
42 1
45 1
55 2
64 1
68 1
85 1
95 1
627 -1 9
10 1
13 1
32 2
55 2
76 1
78 4
81 1
92 1
96 1
628 -1 1
93 1
629 -1 1
37 1
630 -1 4
16 1
19 3
76 1
98 1
631 -1 1
28 3
632 -1 1
15 1
633 -1 1
80 1
634 -1 1
7 3
635 -1 2
74 1
99 1
636 -1 1
78 1
637 -1 1
78 1
638 -1 1
27 1
639 -1 3
7 1
19 1
28 1
640 -1 1
70 1
641 -1 1
26 2
642 -1 7
6 1
10 1
17 1
68 1
76 1
92 1
96 1
643 -1 2
30 1
76 1
644 -1 3
5 1
26 1
82 1
645 -1 1
35 1
646 -1 3
6 1
26 1
70 1
647 -1 3
21 1
48 1
93 1
648 -1 6
6 5
26 1
41 1
64 1
82 1
93 1
649 -1 1
91 1
650 -1 1
16 2
651 -1 5
4 1
9 1
19 1
62 1
98 1
652 -1 1
77 1
653 -1 1
44 1
654 -1 1
63 1
655 -1 1
84 1
656 -1 1
9 1
657 -1 3
59 1
77 1
97 1
658 -1 3
15 1
19 1
90 2
659 -1 2
32 1
50 1
660 -1 1
46 1
661 -1 1
3 1
662 -1 1
71 1
663 -1 1
0 1
664 -1 1
70 1
665 -1 1
23 1
666 -1 1
66 1
667 -1 1
39 3
668 -1 1
42 1
669 -1 3
26 1
59 1
83 2
670 -1 1
41 1
671 -1 1
83 2
672 -1 1
83 1
673 -1 1
5 1
674 -1 1
70 2
675 -1 1
77 1
676 -1 3
41 1
44 1
67 1
677 -1 13
1 1
9 1
16 2
22 3
26 1
35 1
41 1
56 1
58 1
74 1
81 1
86 1
90 1
678 -1 2
55 1
96 1
679 -1 1
15 1
680 -1 1
89 1
681 -1 3
13 1
22 1
41 1
682 -1 8
8 2
13 1
16 1
41 1
44 1
54 1
87 1
90 1
683 -1 4
8 1
21 1
35 1
82 1
684 -1 1
90 1
685 -1 1
19 1
686 -1 1
19 1
687 -1 2
24 1
77 1
688 -1 1
67 1
689 -1 4
6 1
51 1
56 1
68 1
690 -1 1
55 1
691 -1 1
18 1
692 -1 1
90 1
693 -1 1
8 1
694 -1 2
24 1
55 1
695 -1 3
15 1
38 2
56 1
696 -1 3
6 1
55 1
86 1
697 -1 1
89 1
698 -1 6
0 1
6 1
20 1
37 1
59 1
73 3
699 -1 1
73 1
700 -1 1
91 1
701 -1 1
85 1
702 -1 1
6 1
703 -1 3
34 1
85 1
98 1
704 -1 1
85 1
705 -1 3
44 1
61 1
86 1
706 -1 4
6 1
15 2
34 1
98 1
707 -1 1
68 1
708 -1 4
11 3
19 2
67 5
85 2
709 -1 1
85 1
710 -1 5
11 1
76 1
80 1
84 1
99 1
711 -1 2
17 1
60 1
712 -1 1
5 1
713 -1 1
44 1
714 -1 2
33 1
38 1
715 -1 5
18 1
33 1
69 1
75 1
89 1
716 -1 2
46 1
87 1
717 -1 1
68 1
718 -1 1
84 1
719 -1 1
44 1
720 -1 1
60 1
721 -1 3
35 1
36 1
90 1
722 -1 1
89 1
723 -1 1
89 1
724 -1 1
4 1
725 -1 7
4 1
14 1
27 1
39 3
52 1
98 1
99 2
726 -1 1
79 1
727 -1 1
13 1
728 -1 1
25 1
729 -1 1
13 1
730 -1 7
23 1
32 1
35 2
40 1
63 1
92 2
96 1
731 -1 1
67 1
732 -1 1
70 1
733 -1 1
67 1
734 -1 2
9 6
28 1
735 -1 1
9 1
736 -1 1
57 1
737 -1 2
24 1
87 1
738 -1 6
2 1
4 1
10 1
15 1
50 1
80 1
739 -1 1
80 1
740 -1 1
7 2
741 -1 1
43 1
742 -1 1
41 1
743 -1 2
37 1
64 1
744 -1 2
53 1
94 1
745 -1 1
68 1
746 -1 1
28 1
747 -1 1
69 1
748 -1 2
4 2
95 1
749 -1 5
9 1
57 1
61 1
74 1
97 2
750 -1 1
60 1
751 -1 1
4 1
752 -1 4
13 1
17 1
90 1
96 2
753 -1 2
3 2
70 1
754 -1 6
0 3
43 1
47 1
72 1
73 2
93 1
755 -1 1
25 1
756 -1 1
54 1
757 -1 1
23 2
758 -1 1
54 1
759 -1 1
64 3
760 -1 2
52 1
76 1
761 -1 2
68 1
89 3
762 -1 1
98 2
763 -1 1
6 2
764 -1 1
64 1
765 -1 1
82 4
766 -1 1
73 1
767 -1 3
10 1
18 1
71 1
768 -1 1
43 1
769 -1 1
0 1
770 -1 1
66 1
771 -1 1
42 2
772 -1 1
90 1
773 -1 1
68 1
774 -1 3
22 1
41 1
44 1
775 -1 1
0 2
776 -1 1
0 1
777 -1 5
19 2
28 1
66 1
71 1
98 4
778 -1 1
94 1
779 -1 1
27 1
780 -1 1
94 1
781 -1 1
53 1
782 -1 2
11 1
81 1
783 -1 1
87 2
784 -1 1
97 4
785 -1 1
97 1
786 -1 1
65 1
787 -1 1
50 1
788 -1 11
3 1
5 1
15 1
25 1
39 1
41 1
57 1
64 1
70 1
76 1
83 1
789 -1 3
0 1
46 1
64 1
790 -1 1
68 1
791 -1 1
93 1
792 -1 2
18 1
46 1
793 -1 1
18 1
794 -1 2
38 1
67 5
795 -1 1
53 2
796 -1 1
47 3
797 -1 42
2 1
3 1
4 3
5 4
7 1
10 1
12 3
13 1
14 2
15 1
17 3
18 1
22 1
25 2
26 2
28 2
31 1
36 1
42 1
44 5
47 1
48 1
49 1
52 4
57 4
59 2
62 4
65 1
68 2
69 2
70 3
72 1
82 3
84 1
87 2
88 2
89 2
92 4
93 1
94 2
95 1
98 2
798 -1 1
22 1
799 -1 12
7 1
15 5
26 2
34 3
47 1
50 2
51 1
63 3
69 1
72 1
89 2
94 3
800 -1 14
10 1
15 1
17 1
19 1
23 1
28 3
50 3
63 2
65 1
69 1
72 1
85 1
87 1
98 2
801 -1 2
73 1
74 1
802 -1 1
56 2
803 -1 1
67 1
804 -1 1
76 1
805 -1 1
70 1
806 -1 1
44 1
807 -1 1
56 1
808 -1 2
80 1
81 1
809 -1 2
17 1
87 1
810 -1 1
25 1
811 -1 1
25 1
812 -1 2
45 1
95 1
813 -1 2
5 2
26 1
814 -1 1
95 1
815 -1 3
12 3
81 1
93 1
816 -1 2
8 1
16 1
817 -1 3
32 5
80 1
90 1
818 -1 1
32 5
819 -1 1
17 2
820 -1 1
78 1
821 -1 1
84 1
822 -1 1
96 1
823 -1 1
49 1
824 -1 10
4 1
19 1
20 1
21 2
23 1
40 6
47 1
61 2
72 1
98 2
825 -1 2
85 1
96 1
826 -1 1
37 1
827 -1 3
62 1
81 1
86 1
828 -1 1
78 1
829 -1 1
4 2
830 -1 2
37 1
78 1
831 -1 2
20 1
78 1
832 -1 2
45 1
91 1
833 -1 1
58 1
834 -1 1
31 1
835 -1 1
18 1
836 -1 1
50 1
837 -1 1
67 1
838 -1 1
67 1
839 -1 1
64 1
840 -1 1
93 2
841 -1 19
3 2
4 1
5 1
8 1
10 2
23 2
26 1
28 1
36 1
42 1
58 1
59 1
61 1
73 1
85 1
87 1
88 1
92 2
94 1
842 -1 5
17 1
22 1
40 1
73 1
89 1
843 -1 1
65 1
844 -1 1
38 1
845 -1 1
40 1
846 -1 1
40 6
847 -1 1
38 1
848 -1 1
59 1
849 -1 3
27 1
32 1
58 1
850 -1 1
95 1
851 -1 1
67 1
852 -1 1
42 2
853 -1 2
9 1
66 1
854 -1 1
58 1
855 -1 1
15 1
856 -1 2
8 1
72 1
857 -1 1
79 1
858 -1 1
31 1
859 -1 1
59 1
860 -1 2
59 1
90 1
861 -1 3
27 1
30 1
91 2
862 -1 3
46 1
59 1
92 1
863 -1 9
2 1
20 1
25 1
29 1
32 1
47 1
54 1
64 1
84 1
864 -1 2
0 1
78 1
865 -1 1
12 1
866 -1 2
47 1
78 1
867 -1 1
7 1
868 -1 1
89 3
869 -1 1
61 1
870 -1 13
7 1
8 1
10 1
13 2
15 1
31 1
32 1
41 2
43 1
50 1
62 1
79 1
99 1
871 -1 8
13 1
15 1
39 1
41 1
42 1
47 1
51 1
81 1
872 -1 1
67 1
873 -1 3
12 1
59 1
92 1
874 -1 2
23 1
51 1
875 -1 1
45 1
876 -1 1
52 1
877 -1 1
49 1
878 -1 3
18 1
21 2
53 1
879 -1 1
2 2
880 -1 3
39 1
68 1
87 1
881 -1 11
23 3
41 1
47 1
48 2
54 1
55 1
68 5
70 3
72 1
87 2
96 1
882 -1 4
0 6
15 1
34 1
73 2
883 -1 3
0 2
34 1
73 3
884 -1 1
39 1
885 -1 2
23 1
33 1
886 -1 2
34 1
95 1
887 -1 2
46 1
51 1
888 -1 2
86 1
97 2
889 -1 5
1 1
9 1
52 1
85 1
87 1
890 -1 3
29 1
37 1
89 1
891 -1 3
18 1
71 1
74 1
892 -1 1
74 3
893 -1 3
26 1
34 1
52 1
894 -1 7
13 1
23 1
49 1
64 2
72 1
74 1
75 3
895 -1 1
56 2
896 -1 2
14 2
48 1
897 -1 1
82 1
898 -1 1
20 1
899 -1 1
3 1
900 -1 1
23 1
901 -1 1
95 1
902 -1 3
9 1
28 1
68 1
903 -1 4
11 1
29 1
53 1
68 1
904 -1 22
0 1
5 1
8 1
15 2
23 1
28 4
31 2
33 1
34 1
36 2
52 1
56 1
58 2
59 1
62 1
66 1
72 1
73 1
86 2
87 1
89 1
96 1
905 -1 1
24 1
906 -1 5
0 1
17 1
28 3
50 1
94 1
907 -1 1
0 1
908 -1 2
50 1
79 1
909 -1 1
11 1
910 -1 4
1 1
4 1
11 2
16 1
911 -1 1
61 1
912 -1 1
73 1
913 -1 1
61 1
914 -1 1
80 1
915 -1 1
30 2
916 -1 9
6 1
17 1
30 1
45 1
59 3
72 1
87 1
90 2
92 1
917 -1 1
24 1
918 -1 3
36 1
56 2
57 1
919 -1 2
6 1
93 1
920 -1 4
0 1
1 1
7 1
49 1
921 -1 1
31 1
922 -1 1
13 1
923 -1 1
45 1
924 -1 1
65 1
925 -1 1
44 1
926 -1 1
69 2
927 -1 2
53 1
60 2
928 -1 2
63 1
95 1
929 -1 1
12 1
930 -1 2
43 1
58 1
931 -1 1
65 2
932 -1 2
57 2
80 1
933 -1 1
69 3
934 -1 5
9 1
11 1
32 1
33 1
45 1
935 -1 5
27 1
62 2
68 1
78 1
82 1
936 -1 1
68 1
937 -1 1
52 1
938 -1 1
4 1
939 -1 1
98 1
940 -1 1
98 1
941 -1 1
64 1
942 -1 3
3 1
12 1
69 1
943 -1 1
27 2
944 -1 1
73 1
945 -1 1
45 1
946 -1 1
62 1
947 -1 3
27 1
68 1
91 1
948 -1 1
68 1
949 -1 3
4 1
33 4
53 1
950 -1 1
38 1
951 -1 3
29 1
50 2
94 1
952 -1 1
0 1
953 -1 1
94 1
954 -1 5
5 4
26 1
64 3
70 2
88 1
955 -1 1
48 1
956 -1 5
68 1
69 1
72 5
77 1
98 1
957 -1 5
10 1
12 1
69 1
77 5
98 1
958 -1 1
53 1
959 -1 1
69 1
960 -1 4
19 1
59 2
64 1
98 1
961 -1 2
72 1
94 1
962 -1 1
62 1
963 -1 1
27 1
964 -1 1
4 1
965 -1 2
23 2
61 1
966 -1 5
0 1
39 1
69 1
77 1
78 1
967 -1 3
49 1
66 1
94 1
968 -1 1
44 1
969 -1 10
5 1
19 1
24 1
26 1
29 1
30 2
35 1
41 1
54 1
85 1
970 -1 1
45 2
971 -1 9
4 2
6 1
19 8
35 2
51 1
57 2
94 3
95 1
98 6
972 -1 6
4 3
19 1
37 2
62 1
95 3
98 2
973 -1 1
43 1
974 -1 1
33 1
975 -1 1
6 1
976 -1 1
66 1
977 -1 1
27 2
978 -1 1
26 1
979 -1 1
67 1
980 -1 1
96 1
981 -1 1
80 1
982 -1 1
31 1
983 -1 2
1 1
95 1
984 -1 1
44 1
985 -1 14
3 1
6 2
12 1
15 1
16 1
19 3
41 1
56 2
57 2
59 1
68 1
72 1
79 1
82 1
986 -1 2
3 2
18 1
987 -1 1
3 2
988 -1 10
2 1
19 2
25 1
31 1
46 1
64 1
68 1
69 2
70 1
72 1
989 -1 6
25 1
38 1
45 1
50 1
84 1
90 2
990 -1 1
67 1
991 -1 5
1 1
11 3
25 2
33 4
93 1
992 -1 13
10 2
15 1
26 1
32 2
41 2
54 1
70 1
75 1
80 1
84 1
92 1
95 1
97 1
993 -1 24
3 1
5 1
6 1
9 1
15 1
18 1
19 1
25 1
26 1
27 1
34 1
36 1
47 1
48 1
49 1
50 1
58 1
63 4
67 1
70 3
72 1
74 1
87 1
98 1
994 -1 1
69 1
995 -1 1
27 1
996 -1 4
33 1
55 1
69 1
71 1
997 -1 1
64 1
998 -1 2
83 1
95 1
999 -1 1
88 1
1000 -1 2
13 1
49 1
1001 -1 1
13 1
1002 -1 1
49 1
1003 -1 1
11 1
1004 -1 3
10 1
59 1
68 4
1005 -1 1
10 1
1006 -1 1
23 2
1007 -1 3
1 1
25 1
29 1
1008 -1 5
3 1
54 1
75 1
82 1
89 1
1009 -1 5
34 1
42 1
67 1
69 1
75 1
1010 -1 3
54 1
65 1
85 1
1011 -1 2
0 1
1 1
1012 -1 1
89 1
1013 -1 2
23 1
29 1
1014 -1 9
5 1
10 1
11 1
12 1
15 1
59 1
63 1
66 1
84 1
1015 -1 4
3 1
12 1
75 1
95 1
1016 -1 2
52 1
63 2
1017 -1 1
6 1
1018 -1 1
64 1
1019 -1 1
19 2
1020 -1 1
76 2
1021 -1 1
35 1
1022 -1 1
55 1
1023 -1 4
19 1
25 2
30 1
91 1
1024 -1 1
43 1
1025 -1 3
6 5
27 1
55 1
1026 -1 2
6 1
27 4
1027 -1 1
0 1
1028 -1 1
46 1
1029 -1 1
69 1
1030 -1 1
42 3
1031 -1 2
24 2
65 3
1032 -1 2
24 2
65 2
1033 -1 1
33 1
1034 -1 1
22 1
1035 -1 1
2 4
1036 -1 1
2 1
1037 -1 2
47 1
65 1
1038 -1 4
5 1
59 1
87 1
88 1
1039 -1 2
46 1
65 1
1040 -1 1
68 1
1041 -1 2
15 1
54 1
1042 -1 1
88 1
1043 -1 3
16 1
18 1
82 1
1044 -1 1
7 1
1045 -1 1
59 1
1046 -1 1
16 1
1047 -1 2
80 1
90 1
1048 -1 2
32 1
90 1
1049 -1 2
4 1
72 1
1050 -1 1
16 1
1051 -1 10
4 2
17 2
31 2
47 2
51 2
57 1
62 1
65 1
69 2
97 1
1052 -1 1
9 1
1053 -1 1
33 1
1054 -1 1
33 2
1055 -1 1
8 3
1056 -1 1
55 1
1057 -1 1
38 1
1058 -1 1
42 1
1059 -1 1
52 2
1060 -1 1
1 1
1061 -1 1
16 1
1062 -1 1
52 1
1063 -1 1
49 1
1064 -1 2
12 1
82 1
1065 -1 1
92 1
1066 -1 2
57 1
75 1
1067 -1 1
37 1
1068 -1 1
2 2
1069 -1 2
31 1
82 1
1070 -1 2
13 1
83 1
1071 -1 3
14 1
49 1
66 1
1072 -1 2
42 1
66 1
1073 -1 2
58 1
68 2
1074 -1 1
58 1
1075 -1 7
3 1
16 2
18 1
38 2
45 1
57 1
93 4
1076 -1 3
38 3
45 1
93 1
1077 -1 1
82 1
1078 -1 1
51 2
1079 -1 1
51 3
1080 -1 2
23 2
50 1
1081 -1 1
6 1
1082 -1 3
6 1
9 1
32 1
1083 -1 2
43 2
90 6
1084 -1 2
9 2
90 1
1085 -1 1
13 1
1086 -1 2
43 1
78 1
1087 -1 1
43 1
1088 -1 1
4 3
1089 -1 1
4 1
1090 -1 1
23 1
1091 -1 1
1 1
1092 -1 1
33 1
1093 -1 1
97 1
1094 -1 10
2 1
3 1
16 2
18 1
23 1
40 1
50 1
67 1
80 1
92 1
1095 -1 3
35 1
44 1
50 1
1096 -1 1
82 1
1097 -1 2
3 1
58 1
1098 -1 2
65 1
82 1
1099 -1 2
32 2
64 2
1100 -1 4
0 1
3 3
73 1
93 1
1101 -1 2
8 1
36 1
1102 -1 2
38 1
63 1
1103 -1 2
3 1
44 1
1104 -1 4
36 3
63 3
77 1
79 1
1105 -1 1
40 1
1106 -1 1
47 1
1107 -1 3
0 2
44 2
47 1
1108 -1 1
52 1
1109 -1 1
64 1
1110 -1 6
12 1
35 1
38 1
67 1
77 1
88 1
1111 -1 2
44 1
66 1
1112 -1 1
7 1
1113 -1 9
23 1
28 3
44 2
48 1
62 1
72 3
77 1
84 1
99 1
1114 -1 2
48 1
69 1
1115 -1 5
40 1
41 1
73 1
85 1
91 1
1116 -1 3
7 1
74 3
81 1
1117 -1 1
93 1
1118 -1 4
9 1
51 1
71 1
97 2
1119 -1 5
0 1
44 1
68 1
74 1
89 2
1120 -1 1
72 1
1121 -1 2
33 1
43 1
1122 -1 1
10 1
1123 -1 1
0 2
1124 -1 1
42 1
1125 -1 1
94 1
1126 -1 1
12 1
1127 -1 1
54 1
1128 -1 1
60 1
1129 -1 4
0 3
4 1
73 4
75 1
1130 -1 5
0 1
56 1
57 1
73 3
92 1
1131 -1 1
94 1
1132 -1 1
98 1
1133 -1 1
29 2
1134 -1 1
29 8
1135 -1 1
26 1
1136 -1 1
98 1
1137 -1 1
75 1
1138 -1 5
18 2
29 2
35 1
84 1
88 1
1139 -1 1
19 3
1140 -1 1
37 1
1141 -1 1
44 2
1142 -1 3
72 2
76 1
84 1
1143 -1 1
4 1
1144 -1 3
0 1
5 1
73 1
1145 -1 1
0 1
1146 -1 2
57 1
73 1
1147 -1 1
91 1
1148 -1 14
5 1
14 1
30 2
34 3
38 1
39 1
57 2
62 1
64 1
69 1
72 1
80 1
87 1
94 2
1149 -1 1
9 1
1150 -1 1
16 1
1151 -1 1
41 1
1152 -1 4
29 1
62 1
67 1
75 1
1153 -1 1
46 1
1154 -1 1
5 1
1155 -1 3
4 1
44 2
57 1
1156 -1 8
2 1
19 1
23 1
54 1
82 1
84 1
89 1
93 2
1157 -1 1
79 1
1158 -1 5
10 1
17 1
28 2
50 1
59 1
1159 -1 1
76 1
1160 -1 1
53 1
1161 -1 2
25 1
92 2
1162 -1 1
25 1
1163 -1 1
1 1
1164 -1 4
10 1
57 2
77 1
90 1
1165 -1 2
47 1
78 1
1166 -1 1
31 1
1167 -1 1
38 1
1168 -1 1
20 1
1169 -1 1
38 1
1170 -1 2
12 1
77 2
1171 -1 1
2 1
1172 -1 1
60 1
1173 -1 3
5 1
22 1
38 1
1174 -1 3
38 1
92 1
97 1
1175 -1 1
65 1
1176 -1 1
37 1
1177 -1 4
12 1
22 1
37 1
91 1
1178 -1 6
25 1
41 1
50 1
67 1
82 1
92 1
1179 -1 1
30 1
1180 -1 1
14 2
1181 -1 1
66 1
1182 -1 4
2 1
18 1
54 1
85 1
1183 -1 2
28 2
42 1
1184 -1 1
50 1
1185 -1 2
2 1
24 1
1186 -1 1
96 1
1187 -1 2
37 1
67 5
1188 -1 1
51 1
1189 -1 3
0 1
2 1
57 6
1190 -1 3
2 2
5 1
79 1
1191 -1 1
43 1
1192 -1 1
32 1
1193 -1 1
93 1
1194 -1 3
32 1
36 1
82 1
1195 -1 1
42 1
1196 -1 4
9 1
26 1
78 1
98 1
1197 -1 2
20 1
25 1
1198 -1 2
38 1
77 1
1199 -1 1
18 1
1200 -1 3
18 1
54 1
70 2
1201 -1 1
99 1
1202 -1 1
43 1
1203 -1 5
0 1
27 1
33 1
55 2
92 1
1204 -1 1
22 1
1205 -1 2
13 1
23 1
1206 -1 2
51 1
69 1
1207 -1 6
6 1
30 1
45 1
48 1
89 2
92 1
1208 -1 3
0 1
73 1
92 1
1209 -1 1
28 3
1210 -1 1
67 2
1211 -1 12
2 2
10 1
19 1
23 1
24 1
28 4
50 2
59 1
61 1
80 1
87 2
92 1
1212 -1 12
2 1
10 1
23 1
24 1
33 1
38 1
50 2
51 1
61 1
93 1
95 1
96 2
1213 -1 4
1 1
18 1
39 1
75 2
1214 -1 1
6 1
1215 -1 1
23 1
1216 -1 4
1 1
30 1
37 1
65 3
1217 -1 1
1 2
1218 -1 1
27 2
1219 -1 1
69 1
1220 -1 2
59 1
64 1
1221 -1 1
2 1
1222 -1 1
57 1
1223 -1 1
63 1
1224 -1 1
80 1
1225 -1 2
59 4
79 1
1226 -1 1
51 1
1227 -1 1
59 1
1228 -1 3
51 1
59 5
67 2
1229 -1 4
2 1
24 1
70 1
90 1
1230 -1 8
0 1
9 1
16 1
32 1
45 1
47 1
59 1
97 1
1231 -1 1
62 1
1232 -1 6
1 1
54 1
56 1
60 1
63 1
95 1
1233 -1 2
46 1
54 1
1234 -1 4
60 2
74 1
75 2
93 1
1235 -1 5
13 1
14 1
15 1
50 1
80 1
1236 -1 1
98 1
1237 -1 1
68 1
1238 -1 1
56 3
1239 -1 1
37 2
1240 -1 5
6 5
33 3
42 1
78 3
86 4
1241 -1 13
4 1
8 1
11 1
15 1
18 1
22 2
25 3
59 1
64 1
67 2
68 1
69 1
80 1
1242 -1 2
3 1
95 1
1243 -1 1
95 1
1244 -1 2
29 1
95 1
1245 -1 1
12 1
1246 -1 2
24 1
85 1
1247 -1 1
79 1
1248 -1 1
15 1
1249 -1 1
38 1
1250 -1 3
7 1
29 2
56 1
1251 -1 9
19 1
30 1
34 1
37 1
41 2
67 1
86 1
88 1
95 1
1252 -1 2
13 1
93 1
1253 -1 2
13 1
25 1
1254 -1 5
3 1
31 1
45 1
65 1
70 1
1255 -1 1
82 2
1256 -1 3
10 1
25 1
78 1
1257 -1 1
90 1
1258 -1 1
89 1
1259 -1 2
0 4
73 1
1260 -1 2
0 1
73 1
1261 -1 1
71 1
1262 -1 79
0 2
2 2
4 4
5 3
6 1
7 2
8 1
9 2
10 6
12 3
13 2
14 5
15 2
17 1
18 2
21 1
22 2
23 2
24 1
25 1
26 3
27 3
28 7
30 3
32 3
34 2
35 1
37 2
38 1
39 2
40 3
41 2
43 2
44 4
45 2
46 2
47 1
48 2
49 1
51 4
52 1
54 1
55 2
56 2
57 2
58 2
59 3
60 1
61 3
62 2
63 7
65 1
67 6
68 1
71 1
72 2
73 4
74 3
75 6
76 2
77 2
78 1
79 3
80 3
82 1
84 3
85 1
87 3
88 1
89 4
90 7
91 4
92 2
93 1
94 2
95 1
96 1
97 5
98 3
1263 -1 1
2 1
1264 -1 1
28 1
1265 -1 1
50 1
1266 -1 1
50 4
1267 -1 1
69 1
1268 -1 1
69 1
1269 -1 5
4 1
16 1
24 1
42 2
56 1
1270 -1 1
20 1
1271 -1 1
62 1
1272 -1 2
28 1
50 1
1273 -1 1
52 1
1274 -1 2
41 1
91 1
1275 -1 1
42 1
1276 -1 2
57 1
59 2
1277 -1 2
34 1
38 1
1278 -1 1
56 1
1279 -1 3
47 1
50 1
72 1
1280 -1 1
8 1
1281 -1 1
28 1
1282 -1 1
33 1
1283 -1 2
50 1
68 1
1284 -1 1
91 2
1285 -1 1
91 1
1286 -1 2
15 2
48 2
1287 -1 1
82 2
1288 -1 1
30 2
1289 -1 2
41 1
48 1
1290 -1 4
15 3
21 1
38 1
89 3
1291 -1 9
2 1
26 1
28 5
33 1
37 1
46 2
58 1
84 1
87 1
1292 -1 2
31 1
84 1
1293 -1 1
25 1
1294 -1 1
30 1
1295 -1 2
45 1
58 1
1296 -1 1
25 1
1297 -1 1
31 2
1298 -1 6
27 1
35 2
41 2
51 1
78 1
84 1
1299 -1 3
15 1
75 2
84 1
1300 -1 3
67 1
75 1
95 1
1301 -1 50
0 1
2 1
3 2
4 2
5 2
6 1
8 1
13 4
15 1
16 1
18 1
19 1
24 2
26 2
27 1
29 1
32 2
34 2
38 2
44 1
46 1
47 4
50 2
52 1
53 2
54 1
56 1
59 1
60 1
62 1
64 3
65 4
66 1
67 1
68 1
70 1
72 2
73 1
79 1
80 1
82 1
85 2
87 2
89 4
91 1
93 1
94 2
96 1
97 1
99 1
1302 -1 2
7 1
18 1
1303 -1 2
41 1
79 1
1304 -1 6
4 1
32 1
34 1
70 2
79 1
90 1
1305 -1 4
18 1
38 1
65 3
81 1
1306 -1 1
61 1
1307 -1 3
4 1
56 1
90 1
1308 -1 4
3 1
4 1
17 1
22 1
1309 -1 1
44 1
1310 -1 10
30 1
40 1
49 1
53 1
56 1
59 1
80 1
82 1
90 1
98 1
1311 -1 7
1 1
12 1
24 1
36 2
72 1
82 1
92 2
1312 -1 3
45 1
62 1
82 1
1313 -1 6
15 1
32 1
41 2
75 1
80 1
92 1
1314 -1 3
31 1
55 1
92 1
1315 -1 1
25 1
1316 -1 2
41 1
92 1
1317 -1 1
25 1
1318 -1 3
43 2
83 3
90 1
1319 -1 4
9 1
43 7
52 1
90 2
1320 -1 4
57 4
69 4
77 2
80 1
1321 -1 2
69 3
77 1
1322 -1 1
57 1
1323 -1 1
12 1
1324 -1 1
17 1
1325 -1 1
1 1
1326 -1 1
90 1
1327 -1 2
59 1
90 1
1328 -1 1
58 3
1329 -1 9
10 1
13 1
44 1
47 1
59 2
67 1
83 1
84 1
85 1
1330 -1 2
4 1
22 1
1331 -1 5
4 1
50 1
58 1
59 1
73 1
1332 -1 5
22 1
28 1
58 1
65 1
83 1
1333 -1 1
84 1
1334 -1 2
1 1
11 1
1335 -1 8
4 1
7 1
11 1
24 1
69 2
76 1
84 1
95 3
1336 -1 1
69 1
1337 -1 2
6 1
94 1
1338 -1 8
6 1
10 1
31 1
41 1
54 1
77 1
82 1
94 1
1339 -1 4
57 1
77 1
80 1
98 1
1340 -1 2
57 1
80 1
1341 -1 1
69 3
1342 -1 1
92 1
1343 -1 1
16 1
1344 -1 1
76 1
1345 -1 1
76 1
1346 -1 1
50 2
1347 -1 1
41 1
1348 -1 1
91 2
1349 -1 1
20 2
1350 -1 2
13 1
89 1
1351 -1 1
13 4
1352 -1 2
27 1
75 1
1353 -1 1
91 1
1354 -1 2
7 1
74 1
1355 -1 1
28 1
1356 -1 4
54 1
64 1
80 1
86 1
1357 -1 9
1 1
36 1
46 1
47 1
49 1
62 1
67 2
72 1
78 2
1358 -1 4
6 5
46 1
80 1
96 1
1359 -1 1
96 1
1360 -1 1
96 2
1361 -1 1
66 1
1362 -1 1
23 1
1363 -1 4
18 1
21 1
22 2
83 1
1364 -1 1
71 1
1365 -1 1
43 1
1366 -1 7
14 1
46 1
50 2
63 1
91 1
93 1
95 1
1367 -1 1
95 1
1368 -1 1
49 1
1369 -1 1
33 1
1370 -1 1
44 1
1371 -1 1
50 3
1372 -1 1
6 2
1373 -1 2
6 1
48 1
1374 -1 6
46 1
57 1
59 1
61 1
80 1
92 1
1375 -1 1
36 1
1376 -1 1
48 1
1377 -1 1
14 1
1378 -1 1
68 1
1379 -1 7
9 2
10 3
32 4
35 3
38 1
83 2
95 2
1380 -1 1
42 1
1381 -1 1
6 1
1382 -1 4
10 6
35 1
83 4
95 1
1383 -1 1
4 1
1384 -1 4
0 1
23 1
45 1
80 1
1385 -1 1
12 1
1386 -1 1
57 1
1387 -1 1
55 2
1388 -1 3
45 1
64 5
83 1
1389 -1 2
40 4
79 1
1390 -1 6
2 1
4 4
22 4
24 2
47 2
52 1
1391 -1 4
4 1
22 2
47 2
52 2
1392 -1 1
26 1
1393 -1 1
23 1
1394 -1 1
64 1
1395 -1 3
46 1
49 1
82 1
1396 -1 1
17 1
1397 -1 1
41 2
1398 -1 1
54 1
1399 -1 1
92 1
1400 -1 3
5 1
30 1
67 1
1401 -1 2
18 1
19 2
1402 -1 1
93 1
1403 -1 1
19 1
1404 -1 1
76 1
1405 -1 2
68 1
79 1
1406 -1 1
88 1
1407 -1 1
80 1
1408 -1 1
43 1
1409 -1 1
91 1
1410 -1 4
13 1
15 1
42 1
98 1
1411 -1 1
2 1
1412 -1 3
29 1
39 1
69 1
1413 -1 3
17 1
63 1
96 1
1414 -1 1
50 1
1415 -1 1
99 1
1416 -1 4
18 1
47 1
68 1
83 3
1417 -1 3
19 1
71 1
77 1
1418 -1 1
44 1
1419 -1 3
13 2
32 1
93 1
1420 -1 1
8 1
1421 -1 31
0 1
4 1
5 1
6 3
15 1
16 1
19 1
23 1
29 1
30 1
31 1
32 1
34 1
37 1
41 2
44 1
45 1
48 1
50 1
51 1
55 2
64 5
68 1
72 2
73 1
81 1
84 2
85 1
93 2
95 1
98 1
1422 -1 27
0 1
2 1
6 1
10 1
11 1
12 1
13 2
16 1
17 2
28 1
33 2
37 1
48 1
52 1
53 1
59 1
62 1
65 1
72 1
73 1
77 1
82 1
87 2
89 2
90 1
94 1
98 1
1423 -1 1
0 1
1424 -1 1
73 1
1425 -1 1
3 2
1426 -1 1
78 1
1427 -1 2
33 1
76 1
1428 -1 1
17 1
1429 -1 2
75 1
92 1
1430 -1 1
12 1
1431 -1 4
30 1
33 1
47 1
97 1
1432 -1 1
67 1
1433 -1 1
3 2
1434 -1 1
3 1
1435 -1 1
83 1
1436 -1 1
17 3
1437 -1 2
51 2
70 1
1438 -1 20
12 3
16 1
17 2
21 1
31 1
40 2
41 1
45 2
48 2
54 1
59 3
69 1
72 1
76 1
79 1
84 1
87 1
92 1
94 1
98 1
1439 -1 3
2 1
18 1
96 1
1440 -1 2
1 1
44 1
1441 -1 1
95 1
1442 -1 2
12 1
83 1
1443 -1 1
18 1
1444 -1 1
67 5
1445 -1 1
39 3
1446 -1 2
54 1
92 1
1447 -1 2
21 1
54 1
1448 -1 1
4 2
1449 -1 1
83 1
1450 -1 2
8 1
39 1
1451 -1 1
27 1
1452 -1 1
53 1
1453 -1 8
8 1
14 1
34 1
47 1
52 1
59 1
75 1
95 2
1454 -1 19
4 1
6 1
12 1
13 1
15 1
17 1
19 1
23 1
28 1
29 1
30 1
31 1
41 1
54 1
68 1
72 1
75 1
84 1
92 1
1455 -1 1
94 1
1456 -1 3
7 1
49 2
94 1
1457 -1 1
28 1
1458 -1 1
7 1
1459 -1 1
17 1
1460 -1 1
12 6
1461 -1 1
12 2
1462 -1 7
11 1
20 1
22 1
64 1
81 2
82 3
94 1
1463 -1 4
11 1
13 1
82 1
94 1
1464 -1 1
79 1
1465 -1 1
77 2
1466 -1 1
40 1
1467 -1 1
74 1
1468 -1 10
4 1
10 2
26 1
28 1
32 1
54 1
70 1
84 1
95 1
97 1
1469 -1 1
28 1
1470 -1 4
5 2
26 1
68 1
88 1
1471 -1 2
7 1
33 1
1472 -1 1
29 1
1473 -1 1
36 1
1474 -1 1
55 1
1475 -1 3
2 1
22 3
30 2
1476 -1 3
14 1
25 1
74 1
1477 -1 1
14 1
1478 -1 5
22 2
43 1
49 1
52 2
74 1
1479 -1 2
39 1
70 1
1480 -1 3
50 1
57 2
60 2
1481 -1 1
3 1
1482 -1 10
0 1
18 2
28 1
34 1
47 1
72 1
73 1
75 1
95 1
97 1
1483 -1 2
4 1
28 1
1484 -1 1
4 1
1485 -1 1
14 4
1486 -1 2
0 1
68 1
1487 -1 1
56 1
1488 -1 1
43 1
1489 -1 21
0 1
2 1
4 1
19 7
28 2
34 2
40 2
47 1
48 1
57 1
58 1
59 1
61 1
68 1
69 1
72 1
80 1
85 6
87 1
96 1
98 4
1490 -1 1
61 1
1491 -1 1
57 2
1492 -1 15
7 2
21 1
28 1
40 2
48 1
50 1
57 5
61 2
68 3
72 1
80 1
82 1
87 1
96 1
98 2
1493 -1 3
40 1
68 1
96 1
1494 -1 1
50 1
1495 -1 4
18 1
31 1
41 1
93 1
1496 -1 1
8 1
1497 -1 2
67 1
92 1
1498 -1 2
56 1
84 1
1499 -1 1
32 1
1500 -1 2
13 1
48 1
1501 -1 1
70 1
1502 -1 1
77 1
1503 -1 1
77 1
1504 -1 1
97 2
1505 -1 1
54 1
1506 -1 1
80 1
1507 -1 9
12 1
31 1
40 1
43 1
62 1
65 1
74 1
93 1
95 1
1508 -1 1
87 1
1509 -1 1
88 1
1510 -1 1
41 1
1511 -1 1
16 1
1512 -1 1
74 1
1513 -1 2
15 1
23 1
1514 -1 6
50 1
75 1
77 1
80 1
98 1
99 1
1515 -1 1
41 1
1516 -1 6
23 1
28 1
36 1
41 1
50 1
92 1
1517 -1 5
3 1
40 1
42 1
75 1
94 1
1518 -1 1
88 1
1519 -1 3
14 1
41 1
47 1
1520 -1 96
0 3
1 1
2 6
3 1
4 5
5 3
6 8
7 1
8 2
9 2
10 2
11 6
12 8
13 4
14 2
15 5
16 13
17 7
18 4
19 6
20 3
21 4
22 3
23 5
24 2
25 2
26 5
27 2
28 6
29 5
30 5
31 6
33 2
34 4
35 2
36 4
37 1
38 6
39 3
40 2
41 6
42 3
43 5
44 5
45 5
46 1
47 1
48 1
49 2
50 11
51 2
52 3
53 2
54 2
56 3
57 5
58 1
59 7
60 6
62 2
63 3
64 6
65 2
66 3
68 5
69 1
70 2
71 1
72 7
73 1
74 5
75 1
76 4
77 2
78 2
79 3
80 4
81 1
82 3
83 5
84 3
85 3
86 1
87 3
88 4
89 2
90 2
91 3
92 5
93 3
94 2
95 3
96 3
97 2
98 3
99 1
1521 -1 1
67 1
1522 -1 1
39 1
1523 -1 1
69 1
1524 -1 6
4 1
28 1
56 1
60 1
61 1
82 1
1525 -1 1
31 1
1526 -1 1
50 1
1527 -1 6
40 1
43 1
49 1
67 1
74 1
79 1
1528 -1 2
64 1
96 1
1529 -1 1
54 3
1530 -1 1
78 1
1531 -1 1
19 1
1532 -1 2
12 1
47 1
1533 -1 1
1 1
1534 -1 6
26 1
29 1
31 2
57 1
82 1
96 1
1535 -1 4
28 1
41 1
45 1
98 1
1536 -1 2
36 1
54 1
1537 -1 4
34 1
48 1
62 1
93 1
1538 -1 1
75 1
1539 -1 1
89 1
1540 -1 1
84 1
1541 -1 1
69 1
1542 -1 1
3 1
1543 -1 3
9 2
60 3
86 2
1544 -1 4
36 2
50 1
84 1
86 1
1545 -1 1
24 1
1546 -1 4
7 1
49 1
53 1
75 1
1547 -1 1
34 1
1548 -1 5
16 1
51 1
52 1
53 2
63 2
1549 -1 3
1 1
9 1
76 1
1550 -1 1
38 2
1551 -1 1
38 1
1552 -1 1
10 1
1553 -1 2
14 1
18 1
1554 -1 1
25 1
1555 -1 2
14 1
75 1
1556 -1 1
52 1
1557 -1 1
58 2
1558 -1 1
25 1
1559 -1 1
69 1
1560 -1 1
40 1
1561 -1 2
42 1
77 2
1562 -1 3
33 2
78 1
86 1
1563 -1 1
25 1
1564 -1 1
25 2
1565 -1 2
28 1
75 1
1566 -1 1
71 1
1567 -1 26
1 3
8 1
11 1
14 2
16 4
17 1
19 1
23 1
26 1
29 1
33 2
35 1
39 1
42 1
46 1
47 1
49 3
50 1
57 3
58 1
74 2
80 2
85 4
89 1
96 4
98 1
1568 -1 1
33 2
1569 -1 1
25 1
1570 -1 3
10 1
89 1
90 1
1571 -1 2
3 1
44 2
1572 -1 1
64 7
1573 -1 1
80 1
1574 -1 1
82 1
1575 -1 3
9 1
31 2
97 1
1576 -1 1
45 1
1577 -1 1
72 1
1578 -1 2
19 2
91 1
1579 -1 1
23 1
1580 -1 11
4 1
17 4
24 2
28 1
42 1
51 1
55 1
61 1
66 1
72 2
86 1
1581 -1 2
0 1
16 1
1582 -1 1
45 1
1583 -1 3
31 1
49 1
62 1
1584 -1 2
23 1
91 1
1585 -1 1
69 1
1586 -1 4
19 1
58 2
62 1
65 1
1587 -1 4
19 1
62 2
65 4
87 5
1588 -1 1
47 1
1589 -1 1
28 1
1590 -1 1
64 1
1591 -1 1
43 1
1592 -1 1
7 1
1593 -1 1
52 1
1594 -1 1
52 1
1595 -1 1
58 1
1596 -1 1
69 1
1597 -1 1
75 1
1598 -1 1
14 1
1599 -1 3
6 3
18 1
75 1
1600 -1 1
13 1
1601 -1 1
37 1
1602 -1 2
41 1
62 1
1603 -1 2
33 1
82 3
1604 -1 1
52 1
1605 -1 6
0 1
23 1
34 2
72 1
88 1
98 1
1606 -1 1
12 1
1607 -1 1
47 1
1608 -1 1
43 1
1609 -1 1
13 1
1610 -1 3
8 2
41 2
58 1
1611 -1 3
26 2
32 1
84 1
1612 -1 3
21 1
85 1
98 2
1613 -1 3
1 1
14 1
67 1
1614 -1 1
9 1
1615 -1 1
98 1
1616 -1 2
7 1
32 1
1617 -1 2
42 1
69 1
1618 -1 1
23 1
1619 -1 16
6 1
12 1
22 2
23 1
28 1
45 1
49 1
57 3
59 1
62 1
71 1
81 1
89 1
96 1
97 1
98 1
1620 -1 2
62 1
66 1
1621 -1 2
6 2
92 1
1622 -1 1
87 1
1623 -1 13
7 1
15 1
19 1
24 1
46 1
49 1
54 1
55 1
59 1
72 1
76 1
92 1
98 1
1624 -1 3
12 2
28 1
82 1
1625 -1 3
18 1
36 1
47 1
1626 -1 1
70 3
1627 -1 3
13 1
25 1
81 1
1628 -1 1
90 1
1629 -1 1
49 1
1630 -1 1
49 1
1631 -1 1
49 1
1632 -1 1
15 1
1633 -1 7
3 1
9 1
11 1
74 1
75 1
92 2
95 1
1634 -1 4
6 1
9 1
25 1
30 1
1635 -1 1
14 2
1636 -1 1
49 1
1637 -1 2
18 1
69 1
1638 -1 2
4 1
90 1
1639 -1 1
7 1
1640 -1 81
0 5
2 2
3 1
4 5
5 2
6 3
7 1
8 3
9 2
12 4
13 3
14 1
16 5
17 1
18 1
19 3
21 4
22 3
24 2
25 2
26 2
27 2
28 3
30 3
31 1
32 4
33 3
34 2
35 1
36 2
37 1
38 2
39 3
40 2
41 2
42 3
44 2
45 1
46 1
47 3
48 2
50 3
51 1
54 5
55 1
56 1
57 7
59 1
60 3
62 3
63 4
65 4
66 1
67 6
68 1
69 2
70 4
71 1
72 2
73 3
74 1
75 1
77 1
78 3
79 1
80 4
81 5
82 4
83 5
84 2
87 1
88 2
89 4
90 2
91 2
92 2
93 3
95 3
96 1
97 3
99 2
1641 -1 6
3 1
12 1
70 1
74 1
75 1
93 1
1642 -1 9
13 1
19 1
44 1
52 1
69 1
79 1
80 1
82 2
99 1
1643 -1 29
0 1
7 1
14 1
19 2
22 1
24 2
28 1
29 2
34 1
36 2
40 2
42 1
47 1
50 2
57 1
63 1
64 1
67 1
72 2
73 1
74 3
78 2
81 1
82 2
84 2
85 3
88 1
94 1
95 2
1644 -1 1
44 1
1645 -1 1
44 1
1646 -1 1
12 3
1647 -1 1
36 1
1648 -1 2
32 2
70 1
1649 -1 1
96 1
1650 -1 14
3 1
6 4
20 1
36 3
46 1
54 1
63 1
64 1
67 2
68 1
70 1
78 1
87 2
93 1
1651 -1 1
85 1
1652 -1 1
4 1
1653 -1 1
21 1
1654 -1 1
53 4
1655 -1 1
53 2
1656 -1 1
24 1
1657 -1 2
7 1
58 1
1658 -1 2
13 1
47 1
1659 -1 1
25 4
1660 -1 2
12 6
63 3
1661 -1 1
79 1
1662 -1 1
51 1
1663 -1 1
44 1
1664 -1 1
2 1
1665 -1 1
10 4
1666 -1 10
4 2
5 1
12 1
26 1
28 1
45 1
65 1
87 2
88 1
89 1
1667 -1 2
66 1
86 1
1668 -1 1
89 1
1669 -1 1
79 1
1670 -1 2
72 1
74 2
1671 -1 9
5 3
7 1
30 4
47 1
49 5
50 1
58 1
76 1
85 2
1672 -1 7
22 1
23 2
26 1
32 1
78 2
87 1
92 1
1673 -1 1
78 3
1674 -1 1
91 1
1675 -1 1
28 1
1676 -1 1
46 1
1677 -1 1
46 1
1678 -1 1
20 1
1679 -1 1
52 1
1680 -1 5
0 1
10 1
42 2
51 1
73 1
1681 -1 1
98 1
1682 -1 2
38 2
42 1
1683 -1 7
10 1
19 1
34 2
42 2
51 2
65 1
87 1
1684 -1 2
19 1
93 1
1685 -1 1
47 2
1686 -1 1
47 1
1687 -1 1
79 4
1688 -1 3
37 1
60 5
85 1
1689 -1 1
84 1
1690 -1 15
3 1
17 1
19 1
28 2
38 1
42 1
50 1
66 1
73 1
74 2
77 1
82 1
87 1
91 1
94 1
1691 -1 2
0 1
69 1
1692 -1 1
15 1
1693 -1 6
18 1
30 1
44 1
45 1
52 1
78 1
1694 -1 1
82 2
1695 -1 4
42 4
69 2
77 1
87 2
1696 -1 1
61 1
1697 -1 1
91 1
1698 -1 3
33 4
55 3
59 1
1699 -1 5
4 1
24 1
36 1
51 4
87 1
1700 -1 2
17 1
59 1
1701 -1 1
32 3
1702 -1 3
3 1
23 1
72 1
1703 -1 1
90 1
1704 -1 1
7 1
1705 -1 1
22 1
1706 -1 3
37 1
84 1
85 1
1707 -1 6
5 2
51 1
59 3
69 1
72 1
77 1
1708 -1 1
69 1
1709 -1 8
2 1
4 1
5 2
47 2
51 1
59 1
65 1
98 1
1710 -1 1
92 2
1711 -1 21
4 1
5 6
18 3
19 2
20 1
22 3
28 1
34 4
35 1
36 1
40 3
47 4
48 1
50 2
61 3
65 4
72 3
77 1
87 2
88 1
95 2
1712 -1 2
18 1
42 1
1713 -1 1
44 2
1714 -1 1
52 1
1715 -1 1
72 1
1716 -1 1
91 2
1717 -1 1
97 1
1718 -1 1
41 1
1719 -1 1
78 1
1720 -1 4
6 1
24 1
75 1
89 1
1721 -1 1
44 2
1722 -1 7
2 1
41 1
51 2
58 1
67 2
70 1
96 1
1723 -1 1
58 2
1724 -1 1
96 1
1725 -1 1
94 1
1726 -1 1
25 1
1727 -1 1
49 1
1728 -1 1
15 2
1729 -1 1
5 4
1730 -1 2
25 1
57 2
1731 -1 1
15 1
1732 -1 4
32 1
47 1
72 1
80 1
1733 -1 2
3 1
68 1
1734 -1 5
0 1
12 1
60 1
73 1
99 1
1735 -1 1
48 1
1736 -1 1
77 1
1737 -1 10
4 1
6 1
42 1
46 1
58 1
65 2
67 1
77 1
79 1
84 1
1738 -1 1
16 1
1739 -1 2
16 1
28 1
1740 -1 11
4 3
6 1
17 1
23 1
28 1
42 1
58 2
59 1
90 3
92 2
97 2
1741 -1 1
26 1
1742 -1 1
37 1
1743 -1 1
37 1
1744 -1 1
53 1
1745 -1 1
39 1
1746 -1 1
18 1
1747 -1 1
74 1
1748 -1 2
52 1
71 1
1749 -1 5
8 1
12 5
36 1
50 2
72 1
1750 -1 2
6 1
93 1
1751 -1 1
26 1
1752 -1 1
25 1
1753 -1 4
6 2
53 1
54 1
60 2
1754 -1 1
33 1
1755 -1 2
35 2
80 1
1756 -1 2
5 1
26 1
1757 -1 1
34 4
1758 -1 1
34 1
1759 -1 1
3 1
1760 -1 1
28 1
1761 -1 1
29 1
1762 -1 4
14 2
17 1
42 2
51 1
1763 -1 1
29 1
1764 -1 1
21 1
1765 -1 2
68 1
72 1
1766 -1 1
80 1
1767 -1 4
31 1
32 1
57 2
80 1
1768 -1 1
78 1
1769 -1 1
50 1
1770 -1 1
48 1
1771 -1 1
81 1
1772 -1 9
17 1
23 2
27 1
32 1
38 1
45 1
48 1
52 1
72 1
1773 -1 5
6 2
26 1
30 1
58 1
91 2
1774 -1 1
2 1
1775 -1 1
15 1
1776 -1 3
17 7
42 1
66 1
1777 -1 2
16 1
39 1
1778 -1 10
4 1
5 1
7 1
28 1
35 1
42 1
48 1
61 2
88 1
95 2
1779 -1 1
7 1
1780 -1 1
51 1
1781 -1 1
93 1
1782 -1 1
4 1
1783 -1 1
23 1
1784 -1 1
52 1
1785 -1 5
8 1
16 1
21 1
41 1
44 1
1786 -1 1
14 1
1787 -1 2
36 1
48 1
1788 -1 2
57 1
96 1
1789 -1 2
39 1
67 1
1790 -1 2
67 1
83 1
1791 -1 9
0 1
48 1
54 1
63 1
75 1
78 1
82 1
89 1
95 2
1792 -1 1
12 3
1793 -1 1
49 1
1794 -1 4
0 1
17 1
72 1
73 1
1795 -1 1
56 1
1796 -1 7
7 1
43 1
63 1
68 1
75 2
81 1
93 1
1797 -1 1
70 1
1798 -1 1
73 1
1799 -1 4
31 2
41 1
52 1
93 3
1800 -1 2
52 1
64 1
1801 -1 1
39 1
1802 -1 1
79 1
1803 -1 1
38 2
1804 -1 1
60 1
1805 -1 1
4 3
1806 -1 1
4 4
1807 -1 2
5 1
89 1
1808 -1 1
34 1
1809 -1 2
34 1
59 1
1810 -1 14
6 1
13 1
15 3
16 1
19 4
23 1
30 1
34 1
44 1
46 1
69 1
79 1
88 1
96 2
1811 -1 1
23 1
1812 -1 1
13 1
1813 -1 3
19 3
38 1
49 1
1814 -1 1
88 1
1815 -1 4
10 1
80 1
82 1
90 1
1816 -1 2
3 1
66 1
1817 -1 1
77 2
1818 -1 4
9 2
42 1
67 1
90 1
1819 -1 1
19 1
1820 -1 1
77 2
1821 -1 2
33 1
92 1
1822 -1 2
20 1
56 1
1823 -1 5
4 2
6 1
8 1
41 1
55 1
1824 -1 4
6 7
32 1
42 1
68 1
1825 -1 1
80 2
1826 -1 1
13 1
1827 -1 1
79 1
1828 -1 1
62 1
1829 -1 3
31 1
56 3
68 1
1830 -1 8
1 1
5 1
22 2
33 1
63 1
72 1
87 1
90 1
1831 -1 1
50 1
1832 -1 2
40 1
92 1
1833 -1 1
47 1
1834 -1 4
29 1
72 1
74 1
97 1
1835 -1 2
62 1
87 1
1836 -1 2
68 1
95 1
1837 -1 1
33 1
1838 -1 1
33 2
1839 -1 2
65 1
75 1
1840 -1 1
9 1
1841 -1 2
11 3
53 1
1842 -1 1
40 1
1843 -1 1
63 2
1844 -1 1
52 2
1845 -1 1
2 1
1846 -1 1
84 2
1847 -1 1
69 1
1848 -1 4
6 4
17 3
32 1
69 2
1849 -1 1
69 2
1850 -1 1
90 1
1851 -1 1
85 1
1852 -1 1
6 1
1853 -1 1
6 1
1854 -1 1
53 1
1855 -1 18
6 1
18 3
28 1
30 1
35 2
38 1
39 1
40 3
42 1
48 1
63 2
68 1
72 1
80 1
85 2
89 3
92 2
94 4
1856 -1 2
6 2
62 1
1857 -1 19
5 1
12 3
17 1
28 2
30 2
35 2
48 1
56 1
57 1
61 1
63 1
65 1
66 1
68 4
72 4
87 2
92 3
93 2
98 2
1858 -1 1
91 2
1859 -1 3
52 1
62 1
95 2
1860 -1 1
24 3
1861 -1 1
79 1
1862 -1 1
33 1
1863 -1 1
61 1
1864 -1 2
74 1
75 1
1865 -1 1
67 1
1866 -1 1
76 1
1867 -1 1
55 1
1868 -1 1
25 1
1869 -1 1
12 1
1870 -1 1
65 1
1871 -1 1
36 1
1872 -1 2
18 1
40 1
1873 -1 1
56 1
1874 -1 1
22 1
1875 -1 4
12 2
26 1
83 1
91 1
1876 -1 1
12 14
1877 -1 1
61 1
1878 -1 1
3 3
1879 -1 1
66 1
1880 -1 1
1 1
1881 -1 1
79 1
1882 -1 1
69 1
1883 -1 1
92 2
1884 -1 1
28 1
1885 -1 1
31 1
1886 -1 1
69 1
1887 -1 3
26 1
39 2
45 1
1888 -1 1
99 2
1889 -1 1
98 1
1890 -1 2
7 1
28 1
1891 -1 25
0 1
1 1
9 1
17 1
24 1
25 1
29 1
30 2
34 1
36 3
42 2
47 4
48 2
59 1
61 1
64 1
65 2
69 2
72 1
77 1
81 2
85 1
94 1
95 1
98 2
1892 -1 3
17 1
37 1
47 1
1893 -1 1
29 1
1894 -1 1
51 2
1895 -1 16
3 1
9 3
24 1
29 2
33 3
48 1
57 2
63 2
66 1
67 1
69 2
82 1
89 1
90 1
93 1
95 5
1896 -1 1
62 1
1897 -1 1
98 2
1898 -1 1
71 1
1899 -1 2
74 1
84 1
1900 -1 1
39 1
1901 -1 1
78 1
1902 -1 1
55 1
1903 -1 1
28 1
1904 -1 1
16 1
1905 -1 1
16 5
1906 -1 1
16 3
1907 -1 1
33 2
1908 -1 1
52 1
1909 -1 1
64 1
1910 -1 1
13 1
1911 -1 1
53 1
1912 -1 1
53 1
1913 -1 1
0 1
1914 -1 23
0 1
1 1
3 3
10 1
15 1
17 1
19 1
32 1
41 1
57 1
59 1
60 2
64 2
71 1
72 1
78 1
79 1
82 1
84 1
85 1
89 1
93 2
99 1
1915 -1 3
3 1
36 1
82 1
1916 -1 6
4 1
18 1
19 1
31 1
34 1
67 1
1917 -1 1
45 4
1918 -1 1
38 1
1919 -1 2
22 1
30 1
1920 -1 1
15 1
1921 -1 2
83 1
90 1
1922 -1 2
43 1
83 1
1923 -1 2
15 1
79 2
1924 -1 1
28 2
1925 -1 1
85 1
1926 -1 1
89 1
1927 -1 1
40 1
1928 -1 5
24 1
57 1
67 1
81 1
84 1
1929 -1 1
41 1
1930 -1 8
5 1
9 2
24 1
39 1
41 3
87 1
90 5
98 1
1931 -1 1
41 1
1932 -1 1
25 1
1933 -1 1
68 1
1934 -1 1
7 1
1935 -1 16
5 1
7 1
9 1
24 1
26 1
27 1
41 2
51 1
55 2
58 1
69 2
76 3
79 1
87 1
94 2
98 3
1936 -1 1
41 1
1937 -1 1
36 1
1938 -1 2
55 1
78 1
1939 -1 1
79 1
1940 -1 5
0 1
45 1
73 1
90 1
96 1
1941 -1 1
70 1
1942 -1 5
17 1
42 1
51 1
69 1
88 1
1943 -1 2
8 1
45 1
1944 -1 1
81 1
1945 -1 3
9 2
43 2
90 2
1946 -1 1
44 1
1947 -1 1
4 1
1948 -1 7
10 1
13 3
43 1
47 1
80 1
85 1
96 1
1949 -1 1
19 1
1950 -1 1
67 1
1951 -1 1
45 1
1952 -1 1
21 2
1953 -1 2
63 1
89 1
1954 -1 1
53 1
1955 -1 1
63 1
1956 -1 4
14 1
44 1
48 1
74 1
1957 -1 10
31 1
35 1
45 1
48 1
63 1
70 1
72 1
74 1
98 1
99 1
1958 -1 1
73 1
1959 -1 2
37 1
54 1
1960 -1 1
53 1
1961 -1 1
32 1
1962 -1 2
10 1
89 1
1963 -1 1
10 1
1964 -1 1
10 3
1965 -1 2
25 1
49 1
1966 -1 1
96 2
1967 -1 27
2 1
4 2
5 2
9 2
19 1
21 1
24 2
26 1
31 1
36 1
39 3
40 3
46 4
51 4
57 4
59 1
61 1
64 1
69 2
70 5
80 2
85 2
87 1
88 1
95 9
96 3
98 1
1968 -1 21
4 1
8 1
15 1
17 3
21 1
23 1
31 1
39 1
40 1
42 1
46 3
50 1
58 2
59 1
61 1
67 1
77 1
80 1
95 4
96 1
98 1
1969 -1 19
2 1
3 1
4 1
15 1
17 1
21 2
23 1
24 1
36 2
40 3
42 1
46 2
50 1
51 1
59 1
61 1
80 1
85 2
87 1
1970 -1 20
10 2
12 1
16 1
18 2
22 1
25 1
27 3
36 1
46 1
47 1
48 1
56 1
58 1
59 1
61 1
63 1
64 3
81 1
82 1
94 1
1971 -1 1
89 1
1972 -1 1
92 1
1973 -1 3
31 1
41 1
82 1
1974 -1 1
64 1
1975 -1 1
44 1
1976 -1 1
67 1
1977 -1 4
0 1
22 1
28 1
41 1
1978 -1 6
8 1
10 1
16 6
32 2
58 1
70 1
1979 -1 5
10 1
16 1
58 1
70 1
83 3
1980 -1 2
22 1
68 2
1981 -1 1
40 1
1982 -1 3
40 2
63 1
89 1
1983 -1 9
6 1
31 1
46 1
57 1
58 1
67 7
90 1
93 3
97 1
1984 -1 1
55 1
1985 -1 1
92 1
1986 -1 1
46 1
1987 -1 1
36 1
1988 -1 1
24 1
1989 -1 5
4 1
29 4
78 2
86 3
97 1
1990 -1 1
78 3
1991 -1 1
19 1
1992 -1 1
43 1
1993 -1 34
0 1
2 1
4 2
5 1
15 1
18 1
19 1
24 1
26 1
28 1
29 2
30 3
33 1
34 1
35 1
39 1
41 2
43 2
44 4
54 1
57 2
63 1
65 1
69 1
70 1
72 2
73 1
74 1
75 2
77 1
78 2
85 2
87 1
97 1
1994 -1 2
5 1
44 1
1995 -1 1
72 1
1996 -1 4
3 1
12 1
78 1
86 1
1997 -1 1
78 1
1998 -1 19
1 1
9 1
10 1
17 1
24 1
28 1
32 1
34 1
46 1
50 1
65 1
69 1
80 1
87 2
88 1
89 1
92 1
94 1
98 1
1999 -1 1
42 1
2000 -1 1
83 2
2001 -1 1
31 1
2002 -1 1
31 1
2003 -1 1
3 1
2004 -1 1
13 1
2005 -1 18
12 1
16 1
22 1
26 2
28 2
33 1
42 1
43 1
48 1
57 1
58 1
63 2
64 1
68 1
78 2
82 1
83 1
96 1
2006 -1 4
6 3
9 1
41 1
56 1
2007 -1 1
6 1
2008 -1 1
28 2
2009 -1 7
0 1
15 1
21 1
22 3
34 9
48 2
96 1
2010 -1 4
28 1
38 1
56 1
82 1
2011 -1 1
28 1
2012 -1 1
98 1
2013 -1 5
21 2
22 1
34 1
67 1
73 1
2014 -1 1
81 1
2015 -1 1
75 1
2016 -1 3
70 1
75 2
94 1
2017 -1 2
5 1
95 1
2018 -1 1
18 1
2019 -1 1
18 1
2020 -1 6
10 1
40 1
46 1
58 2
78 1
90 1
2021 -1 6
23 1
25 1
50 1
56 1
58 1
93 1
2022 -1 3
50 1
75 1
94 1
2023 -1 2
29 1
69 1
2024 -1 1
78 1
2025 -1 1
78 1
2026 -1 3
29 1
39 1
42 2
2027 -1 1
87 1
2028 -1 1
9 1
2029 -1 1
72 2
2030 -1 1
38 1
2031 -1 98
0 9
1 5
2 3
3 8
4 14
5 10
6 5
7 7
8 1
9 8
10 4
11 5
12 6
13 7
14 1
15 8
16 11
17 3
18 2
19 6
20 4
21 2
22 7
23 6
24 2
25 12
26 4
27 6
28 14
29 6
30 11
31 3
32 3
33 14
34 4
35 4
36 11
37 8
38 9
39 3
40 3
41 2
42 7
43 11
44 6
45 5
46 2
47 8
48 7
49 13
50 10
51 10
52 5
53 4
54 7
55 6
56 5
57 6
58 13
59 6
60 3
61 10
62 4
63 10
64 11
65 4
66 4
67 7
68 7
69 9
70 5
72 15
73 2
74 6
75 9
76 9
77 6
78 8
79 8
80 3
81 6
82 7
83 4
84 6
85 8
86 5
87 5
88 6
89 5
90 2
91 2
92 11
93 8
94 4
95 6
96 6
97 10
98 7
2032 -1 2
3 1
9 1
2033 -1 2
12 1
98 1
2034 -1 1
49 1
2035 -1 1
44 1
2036 -1 2
50 1
89 1
2037 -1 7
28 2
29 1
40 2
51 1
60 2
69 1
70 1
2038 -1 1
97 4
2039 -1 1
99 1
2040 -1 1
76 1
2041 -1 80
0 4
1 3
2 2
3 2
4 2
5 1
6 1
9 3
10 1
12 1
13 2
14 2
15 3
17 1
18 3
19 3
21 2
22 2
23 2
24 1
25 4
28 2
29 1
30 1
31 2
32 3
34 4
35 3
37 1
38 2
41 5
42 1
43 1
44 2
45 1
47 1
48 3
49 2
50 2
51 3
52 3
53 1
54 1
55 1
57 1
58 1
59 1
60 2
63 1
65 2
66 1
67 3
68 1
69 2
70 1
71 1
72 4
73 1
74 3
75 3
76 1
79 2
80 1
81 1
82 1
83 6
84 3
85 1
86 2
87 1
88 2
89 3
90 1
91 1
92 2
93 5
94 1
95 1
96 1
98 4
2042 -1 2
21 1
51 1
2043 -1 15
2 1
12 1
16 1
19 2
25 3
27 4
47 1
51 1
53 1
54 1
63 1
70 1
86 1
89 1
93 1
2044 -1 1
74 1
2045 -1 5
11 1
38 1
80 1
89 5
92 2
2046 -1 12
6 3
19 1
21 1
22 1
40 1
43 2
47 1
69 1
70 1
72 1
75 1
98 2
2047 -1 1
43 1
2048 -1 5
25 1
61 1
75 1
87 1
93 1
2049 -1 1
15 1
2050 -1 2
57 1
59 1
2051 -1 1
4 1
2052 -1 3
29 2
64 1
84 1
2053 -1 2
6 2
31 1
2054 -1 2
35 2
55 1
2055 -1 2
1 1
25 2
2056 -1 1
25 1
2057 -1 5
6 1
12 1
26 1
45 1
88 1
2058 -1 1
11 1
2059 -1 2
1 1
66 1
2060 -1 6
26 1
35 1
38 1
46 1
56 1
90 1
2061 -1 2
3 1
65 1
2062 -1 1
72 1
2063 -1 6
38 1
45 1
46 2
55 1
56 2
69 1
2064 -1 1
97 1
2065 -1 1
63 1
2066 -1 1
94 1
2067 -1 28
18 1
19 1
22 2
25 3
28 1
29 1
30 1
31 1
37 1
40 1
44 2
46 1
47 3
48 1
69 1
70 1
71 1
72 1
74 2
77 1
83 1
84 3
91 2
92 1
93 2
94 1
95 1
97 1
2068 -1 11
3 1
9 1
10 2
12 1
26 1
37 1
43 1
63 2
71 1
74 1
88 1
2069 -1 1
10 3
2070 -1 2
10 1
43 1
2071 -1 1
43 2
2072 -1 2
28 1
94 1
2073 -1 1
29 2
2074 -1 1
29 1
2075 -1 5
32 1
55 1
58 1
94 1
97 3
2076 -1 1
94 1
2077 -1 1
44 1
2078 -1 1
4 1
2079 -1 1
38 1
2080 -1 1
75 2
2081 -1 22
2 1
4 1
5 1
15 1
16 1
17 2
26 1
33 1
42 1
43 1
44 1
49 1
50 1
60 1
63 1
68 1
78 1
82 2
87 1
92 2
97 1
98 1
2082 -1 2
4 1
80 1
2083 -1 37
0 1
2 3
3 1
4 2
5 1
7 1
10 1
13 2
15 3
22 1
34 1
35 1
36 2
38 2
40 2
42 1
48 1
54 1
55 1
57 1
65 3
66 1
67 1
69 1
70 1
72 1
73 2
74 1
75 3
79 3
80 2
84 1
85 1
89 1
92 3
94 1
98 2
2084 -1 5
16 1
51 1
67 2
72 2
95 1
2085 -1 1
82 2
2086 -1 1
91 1
2087 -1 1
83 1
2088 -1 1
30 5
2089 -1 2
30 2
72 3
2090 -1 2
20 1
45 1
2091 -1 1
14 1
2092 -1 3
40 2
68 1
76 1
2093 -1 1
28 2
2094 -1 1
15 1
2095 -1 7
5 1
23 1
24 1
34 1
47 1
51 1
66 1
2096 -1 6
40 1
42 3
51 2
55 1
96 1
98 1
2097 -1 1
96 1
2098 -1 1
98 1
2099 -1 1
63 1
2100 -1 23
3 2
5 1
7 1
9 1
10 1
25 1
27 1
42 1
45 1
46 1
47 1
52 1
64 1
67 1
69 1
77 1
84 1
87 2
89 1
90 1
91 2
92 2
97 3
2101 -1 4
1 1
41 1
51 1
63 1
2102 -1 1
3 1
2103 -1 1
88 1
2104 -1 1
39 1
2105 -1 1
84 2
2106 -1 1
84 1
2107 -1 1
34 1
2108 -1 3
23 2
45 1
64 1
2109 -1 4
0 1
67 1
73 1
83 1
2110 -1 1
54 4
2111 -1 1
79 1
2112 -1 1
67 1
2113 -1 2
31 1
86 1
2114 -1 1
98 1
2115 -1 2
7 1
66 1
2116 -1 1
59 1
2117 -1 46
0 1
2 1
4 1
5 1
8 1
9 1
12 3
14 3
15 1
16 1
18 1
21 1
23 1
29 1
31 1
34 1
35 1
36 1
37 1
38 1
39 1
41 1
42 1
46 1
49 1
52 2
53 1
59 1
64 1
65 1
66 1
68 1
70 1
71 1
73 1
79 1
81 1
82 1
87 1
89 1
90 1
93 1
95 1
96 1
97 1
98 1
2118 -1 2
28 1
44 3
2119 -1 1
54 2
2120 -1 1
62 1
2121 -1 5
6 1
32 1
56 1
70 1
83 1
2122 -1 1
4 1
2123 -1 3
30 1
36 1
67 1
2124 -1 7
3 1
30 1
31 1
36 2
59 1
95 1
96 1
2125 -1 2
0 1
59 1
2126 -1 1
59 1
2127 -1 1
82 1
2128 -1 1
47 1
2129 -1 1
32 2
2130 -1 1
4 1
2131 -1 2
38 1
74 1
2132 -1 1
20 1
2133 -1 1
38 1
2134 -1 4
6 2
28 1
47 1
98 1
2135 -1 2
28 1
58 1
2136 -1 1
34 1
2137 -1 1
28 2
2138 -1 1
64 1
2139 -1 12
2 1
6 1
10 1
11 1
26 3
28 1
41 1
50 2
59 1
79 1
89 1
98 1
2140 -1 6
13 1
74 1
80 1
82 1
85 1
87 1
2141 -1 1
22 2
2142 -1 1
58 1
2143 -1 2
57 1
70 1
2144 -1 1
64 1
2145 -1 1
98 2
2146 -1 2
69 1
89 1
2147 -1 1
49 3
2148 -1 1
49 2
2149 -1 1
66 1
2150 -1 1
29 2
2151 -1 1
4 1
2152 -1 3
0 2
12 3
26 2
2153 -1 9
0 2
12 1
37 1
42 2
49 1
52 1
53 1
73 1
99 1
2154 -1 1
43 1
2155 -1 1
43 1
2156 -1 1
30 4
2157 -1 2
41 1
93 1
2158 -1 2
44 1
52 1
2159 -1 1
24 1
2160 -1 1
46 2
2161 -1 1
24 1
2162 -1 2
53 1
93 1
2163 -1 1
21 4
2164 -1 4
15 1
16 1
21 1
42 1
2165 -1 1
8 1
2166 -1 9
26 1
41 1
45 1
55 1
57 1
77 1
82 1
96 1
98 1
2167 -1 26
5 1
17 2
22 1
23 1
28 4
29 2
30 1
31 2
32 1
35 1
36 1
40 2
41 4
44 1
48 1
50 4
55 1
57 1
63 4
65 1
68 1
87 2
88 1
92 4
93 1
98 1
2168 -1 1
28 1
2169 -1 9
6 1
15 1
25 1
31 1
41 1
44 1
56 1
70 1
99 1
2170 -1 6
15 1
31 1
55 2
57 1
87 1
95 1
2171 -1 2
12 1
84 1
2172 -1 2
25 1
64 1
2173 -1 1
61 3
2174 -1 1
59 1
2175 -1 1
22 1
2176 -1 2
50 2
57 1
2177 -1 1
1 2
2178 -1 4
13 1
34 1
55 1
60 1
2179 -1 1
73 1
2180 -1 1
81 1
2181 -1 1
28 3
2182 -1 2
23 1
64 1
2183 -1 2
64 2
70 1
2184 -1 1
25 1
2185 -1 1
76 1
2186 -1 1
68 1
2187 -1 2
0 4
73 1
2188 -1 1
33 2
2189 -1 1
37 2
2190 -1 2
38 1
92 1
2191 -1 1
64 1
2192 -1 1
13 2
2193 -1 2
2 1
48 1
2194 -1 1
28 1
2195 -1 1
96 1
2196 -1 2
21 1
96 1
2197 -1 1
51 1
2198 -1 1
26 1
2199 -1 1
49 1
2200 -1 1
26 1
2201 -1 1
38 1
2202 -1 2
38 1
45 1
2203 -1 2
45 4
93 1
2204 -1 1
15 1
2205 -1 1
15 1
2206 -1 1
11 1
2207 -1 1
81 1
2208 -1 1
83 1
2209 -1 2
9 2
83 3
2210 -1 1
83 1
2211 -1 1
11 1
2212 -1 6
13 2
16 1
26 5
64 1
70 4
76 1
2213 -1 3
68 2
70 1
84 1
2214 -1 1
6 1
2215 -1 1
32 5
2216 -1 1
68 1
2217 -1 1
90 4
2218 -1 2
9 1
49 1
2219 -1 2
11 1
60 2
2220 -1 1
25 1
2221 -1 1
68 4
2222 -1 1
76 1
2223 -1 2
55 1
83 1
2224 -1 1
51 1
2225 -1 1
96 1
2226 -1 1
50 1
2227 -1 2
13 1
41 1
2228 -1 3
13 1
75 1
99 1
2229 -1 1
1 3
2230 -1 3
0 1
59 1
73 1
2231 -1 3
11 1
16 1
72 1
2232 -1 1
61 1
2233 -1 1
49 2
2234 -1 1
49 1
2235 -1 1
8 1
2236 -1 1
38 1
2237 -1 2
22 1
85 1
2238 -1 3
35 1
68 1
79 1
2239 -1 5
1 1
4 2
53 1
55 1
66 1
2240 -1 7
25 1
46 1
63 1
68 1
81 1
85 1
95 2
2241 -1 1
77 1
2242 -1 2
3 1
43 1
2243 -1 1
5 1
2244 -1 1
59 1
2245 -1 5
8 2
58 2
61 1
82 1
96 1
2246 -1 1
64 1
2247 -1 1
50 1
2248 -1 8
0 1
13 2
15 1
19 1
22 1
56 1
72 1
80 1
2249 -1 3
29 1
72 2
75 1
2250 -1 2
14 1
75 1
2251 -1 1
75 3
2252 -1 1
2 1
2253 -1 1
56 1
2254 -1 1
10 1
2255 -1 2
1 1
25 1
2256 -1 1
41 6
2257 -1 3
2 1
80 1
93 1
2258 -1 4
35 1
61 3
63 1
89 1
2259 -1 2
3 1
89 1
2260 -1 2
47 1
61 2
2261 -1 1
85 1
2262 -1 2
43 1
81 1
2263 -1 3
7 1
52 1
54 1
2264 -1 1
61 1
2265 -1 2
28 3
51 1
2266 -1 4
22 1
30 1
38 1
50 1
2267 -1 17
4 1
10 1
25 1
27 1
29 1
31 1
39 1
51 1
52 1
58 1
61 1
72 1
77 1
79 1
80 2
84 2
94 1
2268 -1 8
0 2
4 1
12 1
23 2
36 1
57 1
73 1
99 1
2269 -1 8
6 1
15 1
36 1
37 1
42 1
44 1
52 1
89 1
2270 -1 1
57 1
2271 -1 1
78 1
2272 -1 1
19 1
2273 -1 3
5 1
59 1
96 1
2274 -1 1
25 1
2275 -1 1
25 1
2276 -1 1
72 1
2277 -1 6
15 1
18 2
38 2
41 1
57 1
84 1
2278 -1 5
69 1
84 1
85 1
86 1
95 1
2279 -1 1
12 1
2280 -1 3
8 1
49 1
82 1
2281 -1 1
27 2
2282 -1 1
85 1
2283 -1 1
93 1
2284 -1 3
13 1
37 1
89 1
2285 -1 5
38 1
46 1
47 1
60 2
67 1
2286 -1 1
18 3
2287 -1 1
18 2
2288 -1 2
5 1
82 1
2289 -1 1
60 1
2290 -1 1
52 1
2291 -1 3
25 1
46 1
47 1
2292 -1 1
69 1
2293 -1 2
16 1
81 1
2294 -1 5
54 2
68 1
70 1
77 1
81 1
2295 -1 1
39 1
2296 -1 18
6 1
12 7
22 3
30 1
34 3
35 1
38 2
45 1
46 1
50 1
51 2
55 2
57 1
69 2
72 5
76 1
79 1
87 1
2297 -1 9
2 1
4 1
12 1
22 1
44 1
56 4
69 1
82 2
94 1
2298 -1 1
7 2
2299 -1 1
0 1
2300 -1 4
28 1
31 1
44 1
68 1
2301 -1 9
12 1
16 1
19 2
27 1
29 3
50 2
70 1
75 1
94 1
2302 -1 2
29 1
70 1
2303 -1 6
6 2
35 1
48 1
51 2
68 1
82 1
2304 -1 5
0 1
51 1
57 1
63 1
73 1
2305 -1 2
0 1
16 1
2306 -1 3
73 1
85 1
94 2
2307 -1 3
9 2
32 1
37 2
2308 -1 4
16 1
49 1
67 2
80 1
2309 -1 1
9 2
2310 -1 2
37 3
93 1
2311 -1 2
37 1
95 1
2312 -1 2
20 1
84 2
2313 -1 1
84 1
2314 -1 1
64 1
2315 -1 1
38 1
2316 -1 2
52 1
72 1
2317 -1 5
20 1
56 3
63 4
64 2
74 1
2318 -1 1
93 1
2319 -1 1
55 1
2320 -1 4
52 1
63 2
74 3
75 6
2321 -1 1
68 1
2322 -1 5
17 2
18 1
46 1
49 1
63 1
2323 -1 1
18 1
2324 -1 3
4 1
25 1
78 1
2325 -1 2
54 2
78 1
2326 -1 1
16 1
2327 -1 3
9 3
31 1
32 1
2328 -1 1
41 1
2329 -1 9
13 1
27 1
33 1
39 1
43 1
59 1
78 1
84 2
95 1
2330 -1 3
4 2
54 3
87 1
2331 -1 1
25 1
2332 -1 1
84 1
2333 -1 25
9 2
17 1
19 1
20 1
21 1
26 1
28 1
30 1
34 1
40 1
48 1
50 2
51 1
55 2
57 1
59 1
63 1
65 1
66 1
67 1
69 2
85 1
88 1
92 1
96 1
2334 -1 23
2 1
6 1
9 1
10 1
15 1
16 1
17 1
21 1
26 1
32 2
35 3
39 2
40 1
41 1
51 1
55 1
57 1
63 1
66 1
84 1
89 1
92 5
97 1
2335 -1 4
14 1
70 1
81 1
96 1
2336 -1 1
87 1
2337 -1 1
16 1
2338 -1 1
75 4
2339 -1 1
14 2
2340 -1 3
39 2
44 1
70 1
2341 -1 1
8 2
2342 -1 1
84 1
2343 -1 1
67 1
2344 -1 2
4 1
46 1
2345 -1 1
20 1
2346 -1 18
1 1
5 1
17 1
19 1
21 1
26 1
28 1
31 1
41 1
45 1
49 2
67 1
68 1
71 1
74 1
84 2
92 3
96 1
2347 -1 3
25 1
62 1
77 1
2348 -1 9
5 1
23 1
28 1
41 1
43 1
52 1
59 1
68 1
72 1
2349 -1 1
94 1
2350 -1 1
20 1
2351 -1 1
0 1
2352 -1 3
12 1
32 1
66 1
2353 -1 1
51 1
2354 -1 1
83 1
2355 -1 2
13 1
15 1
2356 -1 4
2 1
28 2
51 1
85 1
2357 -1 1
44 2
2358 -1 1
50 1
2359 -1 1
51 1
2360 -1 1
81 1
2361 -1 2
66 1
85 1
2362 -1 1
79 3
2363 -1 1
90 1
2364 -1 1
74 1
2365 -1 9
9 1
23 1
31 1
36 2
40 1
52 1
77 1
94 1
98 1
2366 -1 1
68 1
2367 -1 1
60 1
2368 -1 1
36 1
2369 -1 1
90 2
2370 -1 1
33 1
2371 -1 1
22 3
2372 -1 1
22 5
2373 -1 5
7 1
81 1
85 3
94 1
95 2
2374 -1 4
22 1
85 4
94 8
95 1
2375 -1 3
12 1
23 1
73 1
2376 -1 1
97 4
2377 -1 1
68 1
2378 -1 1
46 1
2379 -1 2
8 1
41 1
2380 -1 1
12 1
2381 -1 7
2 1
28 1
41 3
44 1
58 3
59 1
92 2
2382 -1 2
16 2
81 2
2383 -1 4
37 1
62 1
79 1
85 1
2384 -1 2
17 1
34 1
2385 -1 1
1 4
2386 -1 1
1 2
2387 -1 1
82 1
2388 -1 1
62 1
2389 -1 1
67 1
2390 -1 1
81 2
2391 -1 8
2 1
15 2
16 1
23 2
33 1
49 1
50 1
67 5
2392 -1 3
15 1
16 1
33 2
2393 -1 3
2 1
12 1
63 1
2394 -1 1
78 1
2395 -1 1
93 1
2396 -1 1
61 1
2397 -1 2
0 1
73 1
2398 -1 1
31 1
2399 -1 1
48 1
2400 -1 1
87 1
2401 -1 1
71 1
2402 -1 1
71 1
2403 -1 2
28 1
47 1
2404 -1 1
56 1
2405 -1 15
10 1
15 1
17 1
21 2
22 1
28 1
43 1
45 1
55 1
67 1
68 1
72 1
92 1
94 1
95 4
2406 -1 1
33 1
2407 -1 4
15 1
69 1
72 1
98 1
2408 -1 1
33 1
2409 -1 1
44 2
2410 -1 1
87 1
2411 -1 1
75 2
2412 -1 1
93 2
2413 -1 1
54 1
2414 -1 1
7 2
2415 -1 2
59 1
74 1
2416 -1 1
66 1
2417 -1 1
72 1
2418 -1 1
19 1
2419 -1 3
16 3
39 1
41 1
2420 -1 1
51 1
2421 -1 4
16 1
40 1
72 1
89 1
2422 -1 7
0 2
4 1
16 1
19 1
34 1
44 1
98 1
2423 -1 1
16 2
2424 -1 1
7 3
2425 -1 1
7 3
2426 -1 10
2 3
15 5
17 1
21 1
23 1
42 1
57 6
62 1
65 1
89 7
2427 -1 4
21 2
47 1
89 2
99 2
2428 -1 1
75 1
2429 -1 1
48 1
2430 -1 1
3 1
2431 -1 1
66 1
2432 -1 1
38 1
2433 -1 1
38 1
2434 -1 4
17 2
42 1
51 4
85 1
2435 -1 1
90 1
2436 -1 1
38 1
2437 -1 3
26 1
76 1
84 1
2438 -1 1
32 2
2439 -1 1
6 1
2440 -1 4
32 1
66 1
74 1
84 1
2441 -1 2
55 3
97 6
2442 -1 2
36 1
88 1
2443 -1 1
46 1
2444 -1 1
70 1
2445 -1 1
85 1
2446 -1 1
60 2
2447 -1 2
4 1
84 1
2448 -1 1
48 1
2449 -1 1
93 1
2450 -1 1
50 1
2451 -1 1
17 1
2452 -1 1
17 1
2453 -1 1
52 1
2454 -1 1
50 1
2455 -1 1
60 1
2456 -1 1
64 4
2457 -1 1
64 1
2458 -1 1
68 1
2459 -1 5
3 1
18 1
28 1
36 2
92 4
2460 -1 1
63 1
2461 -1 2
24 1
57 1
2462 -1 1
57 1
2463 -1 1
18 2
2464 -1 2
22 1
29 1
2465 -1 12
5 1
29 1
31 1
43 1
52 1
53 4
60 2
72 1
78 1
82 1
95 1
99 1
2466 -1 1
65 1
2467 -1 2
29 1
95 1
2468 -1 3
47 1
66 2
95 1
2469 -1 2
60 1
92 1
2470 -1 4
35 1
43 1
56 1
95 1
2471 -1 1
79 1
2472 -1 7
1 1
48 1
50 1
60 1
79 1
84 1
95 1
2473 -1 1
55 1
2474 -1 1
47 1
2475 -1 1
55 2
2476 -1 1
8 1
2477 -1 1
8 2
2478 -1 1
56 1
2479 -1 1
94 1
2480 -1 1
54 1
2481 -1 4
16 2
23 1
38 1
72 1
2482 -1 1
0 1
2483 -1 4
5 1
34 1
72 1
87 1
2484 -1 3
0 1
75 1
78 1
2485 -1 2
40 1
68 1
2486 -1 1
79 1
2487 -1 1
84 1
2488 -1 1
26 2
2489 -1 1
44 1
2490 -1 1
44 2
2491 -1 1
84 1
2492 -1 2
4 1
85 1
2493 -1 1
1 2
2494 -1 1
44 1
2495 -1 1
20 1
2496 -1 2
37 1
56 1
2497 -1 7
10 1
42 2
50 1
69 1
84 1
85 2
98 1
2498 -1 3
42 2
50 1
98 1
2499 -1 1
54 1
2500 -1 1
44 1
2501 -1 1
42 1
2502 -1 1
43 1
2503 -1 1
28 1
2504 -1 1
25 1
2505 -1 2
28 1
44 1
2506 -1 1
67 3
2507 -1 1
67 2
2508 -1 1
67 2
2509 -1 5
7 1
24 1
30 2
41 1
96 1
2510 -1 2
26 3
27 1
2511 -1 4
13 1
14 1
32 1
41 1
2512 -1 6
12 1
24 1
31 1
34 1
46 1
67 1
2513 -1 3
19 1
50 1
84 1
2514 -1 1
0 2
2515 -1 13
4 1
7 1
12 1
13 1
15 1
16 2
23 1
43 1
44 3
45 1
61 2
62 1
95 2
2516 -1 3
12 1
45 1
96 1
2517 -1 1
0 1
2518 -1 1
0 1
2519 -1 5
33 1
48 4
68 1
75 1
96 5
2520 -1 1
66 1
2521 -1 1
82 1
2522 -1 1
4 1
2523 -1 2
64 3
93 2
2524 -1 4
9 1
70 1
82 1
93 1
2525 -1 4
41 2
56 1
65 1
68 1
2526 -1 3
9 1
24 1
25 3
2527 -1 3
9 1
15 1
97 1
2528 -1 1
16 1
2529 -1 1
22 1
2530 -1 2
22 1
90 1
2531 -1 1
74 1
2532 -1 1
82 1
2533 -1 1
82 1
2534 -1 7
4 1
6 1
22 1
32 1
36 1
56 1
78 2
2535 -1 1
28 1
2536 -1 1
15 1
2537 -1 27
7 1
10 1
15 2
19 1
23 3
25 2
26 1
29 1
38 1
44 2
46 1
49 1
52 1
54 1
61 1
63 1
68 1
72 1
78 1
80 2
82 1
84 2
85 1
89 1
91 1
93 2
98 2
2538 -1 1
36 1
2539 -1 1
33 1
2540 -1 1
18 4
2541 -1 1
99 1
2542 -1 2
79 1
98 2
2543 -1 2
41 2
92 1
2544 -1 1
90 1
2545 -1 3
9 1
47 1
72 1
2546 -1 1
43 1
2547 -1 1
66 1
2548 -1 1
33 3
2549 -1 1
44 2
2550 -1 2
62 2
91 1
2551 -1 1
74 1
2552 -1 1
12 1
2553 -1 1
18 1
2554 -1 1
97 2
2555 -1 1
38 1
2556 -1 1
53 1
2557 -1 2
13 1
42 1
2558 -1 1
27 1
2559 -1 1
4 2
2560 -1 2
93 1
97 1
2561 -1 1
17 1
2562 -1 1
48 1
2563 -1 1
40 1
2564 -1 1
3 1
2565 -1 1
17 5
2566 -1 1
14 1
2567 -1 2
0 1
73 1
2568 -1 1
43 1
2569 -1 1
78 1
2570 -1 3
13 3
45 1
82 5
2571 -1 2
45 1
82 2
2572 -1 1
82 2
2573 -1 3
13 2
45 3
82 5
2574 -1 6
0 1
5 1
15 3
23 1
30 3
71 1
2575 -1 1
21 2
2576 -1 1
61 2
2577 -1 2
11 2
60 1
2578 -1 1
99 1
2579 -1 1
47 1
2580 -1 1
79 1
2581 -1 1
23 1
2582 -1 1
97 1
2583 -1 1
4 1
2584 -1 1
48 1
2585 -1 2
18 1
55 1
2586 -1 1
55 1
2587 -1 1
93 1
2588 -1 1
78 1
2589 -1 3
21 1
70 2
84 5
2590 -1 1
93 1
2591 -1 1
59 1
2592 -1 13
0 1
6 1
9 1
21 1
25 1
32 1
37 1
40 1
50 1
51 1
75 1
78 2
97 4
2593 -1 1
31 1
2594 -1 1
78 1
2595 -1 11
24 1
37 1
41 1
44 1
63 2
66 1
67 1
69 1
72 1
78 1
87 1
2596 -1 2
44 2
72 1
2597 -1 5
47 2
61 2
69 4
72 1
98 1
2598 -1 2
35 2
45 1
2599 -1 1
3 1
2600 -1 1
61 1
2601 -1 1
41 3
2602 -1 1
41 2
2603 -1 1
93 1
2604 -1 1
57 1
2605 -1 1
6 1
2606 -1 1
78 2
2607 -1 4
10 1
26 1
36 1
70 1
2608 -1 1
90 2
2609 -1 5
0 1
28 1
54 1
77 2
82 1
2610 -1 1
68 1
2611 -1 1
96 1
2612 -1 1
4 1
2613 -1 1
8 1
2614 -1 2
15 1
82 1
2615 -1 4
8 1
13 1
41 2
82 1
2616 -1 1
85 1
2617 -1 1
38 1
2618 -1 1
3 1
2619 -1 1
41 1
2620 -1 1
56 1
2621 -1 3
3 4
41 3
56 2
2622 -1 3
5 1
72 1
78 1
2623 -1 4
16 1
26 1
31 1
41 1
2624 -1 1
94 2
2625 -1 2
44 1
64 1
2626 -1 1
94 2
2627 -1 1
4 2
2628 -1 2
49 1
57 1
2629 -1 2
2 1
51 1
2630 -1 1
69 1
2631 -1 1
46 1
2632 -1 9
0 1
1 1
22 1
45 1
46 1
55 3
73 1
87 1
89 1
2633 -1 7
15 2
21 1
22 1
25 1
52 1
67 2
69 1
2634 -1 1
8 1
2635 -1 1
78 1
2636 -1 1
14 2
2637 -1 4
14 3
57 1
73 1
82 1
2638 -1 2
64 3
78 1
2639 -1 1
9 2
2640 -1 1
3 1
2641 -1 3
57 1
65 2
72 1
2642 -1 3
15 1
59 1
96 2
2643 -1 1
89 1
2644 -1 1
18 1
2645 -1 1
28 1
2646 -1 2
18 1
35 1
2647 -1 6
18 3
31 1
35 2
78 1
94 1
95 1
2648 -1 1
22 1
2649 -1 3
9 3
65 1
71 1
2650 -1 5
19 4
43 1
47 1
85 1
96 2
2651 -1 1
19 1
2652 -1 1
84 1
2653 -1 1
66 1
2654 -1 3
37 2
60 1
87 1
2655 -1 1
87 1
2656 -1 1
39 2
2657 -1 3
7 1
16 1
92 1
2658 -1 1
16 1
2659 -1 1
40 1
2660 -1 1
35 1
2661 -1 1
57 1
2662 -1 2
24 1
66 2
2663 -1 1
98 1
2664 -1 1
87 2
2665 -1 1
51 1
2666 -1 6
27 8
42 2
51 5
54 1
78 1
97 1
2667 -1 4
27 1
38 3
73 1
81 1
2668 -1 5
12 1
17 2
25 1
51 2
54 1
2669 -1 1
97 1
2670 -1 1
6 2
2671 -1 3
5 2
25 1
83 1
2672 -1 1
82 1
2673 -1 1
7 1
2674 -1 2
5 1
67 2
2675 -1 1
67 1
2676 -1 1
31 1
2677 -1 2
64 1
93 1
2678 -1 24
2 1
5 1
7 2
27 2
28 2
34 1
35 2
47 1
54 1
55 1
57 1
58 2
59 1
61 1
62 2
63 3
64 1
66 1
72 1
75 1
81 1
89 1
92 1
94 1
2679 -1 6
5 1
24 3
27 4
58 1
61 1
92 1
2680 -1 6
19 1
26 2
38 2
72 1
83 1
92 1
2681 -1 4
22 1
37 1
65 1
88 1
2682 -1 2
16 1
64 1
2683 -1 1
68 1
2684 -1 13
6 1
12 2
23 1
32 1
38 1
39 1
41 1
45 2
59 1
70 2
77 1
92 2
99 1
2685 -1 1
78 1
2686 -1 2
22 1
68 1
2687 -1 1
49 1
2688 -1 2
5 1
37 1
2689 -1 6
19 2
36 1
39 1
70 1
93 1
98 1
2690 -1 3
4 1
14 3
82 1
2691 -1 1
25 1
2692 -1 1
12 1
2693 -1 1
0 1
2694 -1 7
14 2
17 1
32 1
42 1
51 1
91 1
97 2
2695 -1 1
66 1
2696 -1 2
47 2
65 3
2697 -1 2
71 1
93 1
2698 -1 1
82 1
2699 -1 27
0 1
3 2
18 1
19 1
22 1
23 1
24 1
29 1
32 1
34 1
36 1
41 1
47 1
51 1
53 1
55 3
57 1
59 1
67 2
69 1
72 1
73 2
77 1
83 1
85 1
90 1
97 3
2700 -1 1
2 1
2701 -1 2
41 1
94 1
2702 -1 2
32 1
98 1
2703 -1 2
25 1
43 1
2704 -1 2
26 4
88 1
2705 -1 1
15 1
2706 -1 1
0 2
2707 -1 2
1 1
35 1
2708 -1 1
90 3
2709 -1 2
8 1
35 1
2710 -1 2
50 4
97 3
2711 -1 1
50 3
2712 -1 5
19 1
23 1
36 1
41 2
84 1
2713 -1 6
32 1
41 1
67 1
76 1
92 1
95 1
2714 -1 1
0 2
2715 -1 4
28 1
75 1
78 1
95 1
2716 -1 1
62 2
2717 -1 10
10 1
15 1
24 1
30 1
51 1
56 1
66 1
71 1
78 2
89 1
2718 -1 3
24 1
43 1
78 1
2719 -1 4
22 1
61 1
92 1
97 1
2720 -1 3
41 1
43 1
70 1
2721 -1 1
90 1
2722 -1 2
3 1
36 1
2723 -1 2
67 1
69 1
2724 -1 8
5 2
38 1
46 1
59 1
70 2
76 2
83 2
96 1
2725 -1 1
47 1
2726 -1 2
33 1
49 1
2727 -1 1
22 1
2728 -1 1
15 1
2729 -1 1
68 1
2730 -1 6
6 1
27 1
32 1
46 2
67 2
96 1
2731 -1 3
28 1
46 1
47 1
2732 -1 1
89 1
2733 -1 1
10 1
2734 -1 1
50 3
2735 -1 1
93 2
2736 -1 1
38 1
2737 -1 1
51 1
2738 -1 1
61 1
2739 -1 5
84 1
91 1
94 1
95 1
96 1
2740 -1 2
57 1
67 1
2741 -1 3
0 1
49 1
73 1
2742 -1 1
28 1
2743 -1 5
0 1
15 1
23 1
37 1
59 1
2744 -1 4
9 5
11 4
53 1
82 2
2745 -1 1
47 4
2746 -1 6
37 3
52 3
63 1
67 1
74 1
75 4
2747 -1 1
83 2
2748 -1 3
6 1
14 2
56 1
2749 -1 5
14 1
15 1
41 1
55 3
56 2
2750 -1 3
6 1
34 1
56 1
2751 -1 2
38 1
83 1
2752 -1 3
4 1
6 1
79 1
2753 -1 10
4 1
5 1
11 1
27 1
45 1
54 1
57 1
71 1
84 1
93 1
2754 -1 2
72 1
96 1
2755 -1 1
88 2
2756 -1 2
44 1
97 2
2757 -1 2
46 1
97 5
2758 -1 5
2 1
19 2
52 1
75 1
90 1
2759 -1 1
85 1
2760 -1 1
90 3
2761 -1 1
64 1
2762 -1 1
32 1
2763 -1 6
33 1
47 1
69 1
77 1
84 1
87 3
2764 -1 4
4 1
23 1
45 1
59 1
2765 -1 1
60 1
2766 -1 1
11 1
2767 -1 1
68 1
2768 -1 1
68 1
2769 -1 4
6 2
30 2
32 3
59 1
2770 -1 1
59 1
2771 -1 2
68 1
80 2
2772 -1 1
23 1
2773 -1 1
23 1
2774 -1 2
25 1
62 1
2775 -1 3
4 1
10 1
37 1
2776 -1 1
49 2
2777 -1 1
49 3
2778 -1 1
58 1
2779 -1 1
15 1
2780 -1 10
3 3
19 1
37 2
41 1
49 1
58 1
65 2
76 1
94 1
98 1
2781 -1 5
34 1
85 1
86 1
92 3
93 1
2782 -1 1
31 1
2783 -1 1
12 1
2784 -1 1
68 1
2785 -1 1
35 1
2786 -1 2
23 1
62 1
2787 -1 3
21 1
70 1
79 1
2788 -1 1
79 1
2789 -1 1
88 1
2790 -1 1
53 1
2791 -1 1
4 2
2792 -1 1
4 1
2793 -1 1
68 1
2794 -1 1
83 1
2795 -1 2
8 2
22 1
2796 -1 1
81 1
2797 -1 1
23 8
2798 -1 1
59 1
2799 -1 1
11 1
2800 -1 1
71 3
2801 -1 1
71 1
2802 -1 1
45 1
2803 -1 1
92 1
2804 -1 1
40 1
2805 -1 1
15 1
2806 -1 1
35 2
2807 -1 1
17 1
2808 -1 1
96 1
2809 -1 1
90 4
2810 -1 1
20 1
2811 -1 4
6 1
9 2
15 2
90 4
2812 -1 1
48 1
2813 -1 2
48 1
90 1
2814 -1 1
51 1
2815 -1 1
49 1
2816 -1 1
31 2
2817 -1 8
0 2
22 1
39 1
65 1
73 1
76 1
78 1
84 2
2818 -1 1
72 1
2819 -1 1
56 4
2820 -1 1
37 1
2821 -1 25
8 1
12 1
15 1
17 1
25 1
28 1
30 1
33 3
34 1
36 1
40 2
41 1
42 3
50 2
51 1
55 1
62 1
65 1
66 1
69 1
76 1
78 1
80 1
86 3
98 1
2822 -1 1
14 1
2823 -1 2
44 1
78 1
2824 -1 6
3 1
25 3
33 2
42 1
49 1
54 3
2825 -1 3
50 1
52 1
63 1
2826 -1 1
4 1
2827 -1 2
67 9
79 1
2828 -1 1
31 1
2829 -1 4
25 1
44 1
92 1
95 1
2830 -1 2
39 1
64 1
2831 -1 1
74 2
2832 -1 1
40 1
2833 -1 1
68 1
2834 -1 1
51 1
2835 -1 1
6 2
2836 -1 1
6 1
2837 -1 10
13 1
15 1
23 1
35 1
55 1
60 1
78 1
79 1
84 1
93 1
2838 -1 1
16 1
2839 -1 3
67 1
68 1
92 1
2840 -1 1
0 4
2841 -1 2
14 1
64 1
2842 -1 1
67 1
2843 -1 1
17 1
2844 -1 1
72 1
2845 -1 5
3 1
12 2
43 1
45 1
49 1
2846 -1 5
24 1
51 1
55 2
72 1
93 1
2847 -1 3
12 1
87 2
89 2
2848 -1 1
92 1
2849 -1 1
89 1
2850 -1 2
58 1
72 1
2851 -1 1
82 1
2852 -1 1
10 1
2853 -1 1
68 1
2854 -1 4
57 1
60 1
64 2
92 2
2855 -1 1
29 1
2856 -1 1
73 1
2857 -1 4
33 1
69 1
81 1
95 2
2858 -1 9
0 1
38 2
42 2
47 4
59 1
69 1
73 1
79 1
84 1
2859 -1 1
88 1
2860 -1 4
9 1
12 1
47 1
80 1
2861 -1 1
52 5
2862 -1 1
45 1
2863 -1 5
18 1
29 1
52 1
76 3
87 1
2864 -1 9
1 1
2 1
11 1
16 4
53 1
60 1
61 1
93 1
95 2
2865 -1 2
19 2
65 1
2866 -1 1
1 1
2867 -1 1
2 1
2868 -1 1
5 1
2869 -1 1
24 1
2870 -1 1
10 1
2871 -1 1
58 1
2872 -1 1
90 1
2873 -1 5
4 1
28 1
51 1
81 1
99 1
2874 -1 1
75 1
2875 -1 1
2 1
2876 -1 2
75 1
85 1
2877 -1 1
64 1
2878 -1 2
29 1
49 1
2879 -1 5
37 1
50 1
55 1
62 2
74 1
2880 -1 1
62 1
2881 -1 2
30 2
90 1
2882 -1 1
92 1
2883 -1 1
23 1
2884 -1 2
24 1
88 1
2885 -1 1
47 1
2886 -1 1
23 1
2887 -1 4
13 1
62 1
73 1
79 1
2888 -1 1
42 1
2889 -1 32
0 2
4 2
7 1
12 1
13 1
15 1
16 1
17 2
22 1
27 1
31 1
33 1
37 1
40 3
42 2
45 1
48 1
49 1
52 1
54 1
55 2
56 1
57 1
64 1
68 1
69 1
73 1
82 1
84 1
87 2
89 1
90 1
2890 -1 1
70 1
2891 -1 1
82 1
2892 -1 2
41 1
57 1
2893 -1 1
1 1
2894 -1 1
22 1
2895 -1 1
94 1
2896 -1 1
60 1
2897 -1 1
37 1
2898 -1 3
27 1
32 2
87 2
2899 -1 2
79 1
80 1
2900 -1 2
32 1
58 2
2901 -1 1
62 1
2902 -1 1
96 3
2903 -1 1
87 1
2904 -1 4
19 1
34 3
72 1
87 1
2905 -1 1
19 1
2906 -1 5
14 1
64 1
84 2
87 1
93 1
2907 -1 1
52 1
2908 -1 1
42 1
2909 -1 1
25 1
2910 -1 1
40 3
2911 -1 1
72 1
2912 -1 1
3 2
2913 -1 1
3 5
2914 -1 1
50 1
2915 -1 1
73 1
2916 -1 1
57 1
2917 -1 1
28 1
2918 -1 1
23 1
2919 -1 1
43 2
2920 -1 1
8 2
2921 -1 1
4 2
2922 -1 2
6 2
43 1
2923 -1 1
20 1
2924 -1 3
4 1
42 1
68 1
2925 -1 21
0 1
3 2
4 1
6 2
8 2
9 1
13 4
15 3
21 2
26 2
30 1
41 4
44 3
50 1
70 3
72 1
73 1
76 1
79 2
84 1
97 1
2926 -1 1
32 1
2927 -1 1
12 1
2928 -1 16
4 2
7 1
9 2
15 2
23 5
27 2
29 1
37 1
41 2
45 1
50 1
57 1
70 2
72 1
82 1
97 1
2929 -1 2
33 1
97 4
2930 -1 1
28 2
2931 -1 2
41 1
51 1
2932 -1 1
57 1
2933 -1 1
23 1
2934 -1 1
51 1
2935 -1 1
93 1
2936 -1 2
42 1
89 1
2937 -1 3
47 1
55 1
76 1
2938 -1 1
90 1
2939 -1 1
54 3
2940 -1 1
86 1
2941 -1 7
13 1
19 4
34 1
51 1
65 2
67 2
70 2
2942 -1 1
94 1
2943 -1 1
15 1
2944 -1 1
67 3
2945 -1 14
2 1
3 1
5 1
23 1
26 1
39 1
42 1
46 1
51 1
57 3
65 6
66 1
84 1
87 1
2946 -1 11
5 5
7 1
22 1
28 1
42 1
45 1
48 1
59 1
68 1
72 1
96 3
2947 -1 1
64 1
2948 -1 1
39 2
2949 -1 1
52 1
2950 -1 4
6 1
39 1
63 1
66 2
2951 -1 15
2 1
3 1
10 1
13 1
20 1
32 1
36 4
39 1
41 1
52 1
61 1
68 1
72 1
95 2
99 1
2952 -1 1
49 4
2953 -1 1
49 1
2954 -1 1
34 1
2955 -1 1
66 1
2956 -1 5
7 1
38 1
56 1
66 1
89 1
2957 -1 1
1 1
2958 -1 1
17 3
2959 -1 1
88 5
2960 -1 7
14 4
17 1
38 1
42 3
46 1
51 2
97 2
2961 -1 10
3 1
23 1
29 1
49 1
52 1
56 1
58 1
78 1
92 2
97 1
2962 -1 1
83 1
2963 -1 11
0 1
7 1
18 9
40 1
54 2
63 1
65 1
71 1
72 2
73 1
75 1
2964 -1 1
93 1
2965 -1 2
13 1
81 1
2966 -1 3
18 2
61 1
84 1
2967 -1 3
18 1
76 1
84 2
2968 -1 1
20 1
2969 -1 4
7 2
17 1
66 1
94 1
2970 -1 4
25 1
42 1
47 1
85 2
2971 -1 1
38 1
2972 -1 17
2 2
12 1
15 1
24 1
29 1
33 1
54 1
60 2
63 2
64 2
67 1
71 1
84 1
85 1
87 1
91 1
92 1
2973 -1 1
6 1
2974 -1 76
0 11
1 3
3 4
4 4
5 5
6 1
7 2
10 2
12 1
14 1
15 1
16 2
18 1
19 4
21 2
22 3
23 3
24 4
26 2
27 1
28 1
29 5
31 2
32 1
33 2
34 1
35 1
36 1
40 1
41 3
42 1
44 5
45 2
47 1
49 2
50 5
51 3
52 2
53 2
54 6
55 3
56 1
57 2
58 1
59 1
60 2
62 1
63 1
65 2
67 6
68 1
69 4
70 1
71 2
72 5
73 10
74 3
75 1
76 1
77 2
78 3
80 1
82 2
83 4
84 4
85 2
87 3
88 2
90 1
92 2
93 2
94 2
95 1
96 1
97 6
98 1
2975 -1 100
0 8
1 7
2 11
3 10
4 21
5 6
6 20
7 2
8 7
9 22
10 5
11 5
12 23
13 6
14 4
15 8
16 33
17 10
18 7
19 18
20 2
21 4
22 15
23 10
24 5
25 26
26 13
27 4
28 18
29 10
30 18
31 15
32 9
33 6
34 7
35 8
36 9
37 10
38 12
39 10
40 5
41 18
42 2
43 7
44 12
45 4
46 2
47 6
48 6
49 12
50 19
51 13
52 6
53 3
54 6
55 7
56 8
57 21
58 8
59 9
60 8
61 2
62 7
63 11
64 13
65 11
66 4
67 15
68 24
69 8
70 9
71 1
72 14
73 2
74 6
75 9
76 8
77 3
78 7
79 11
80 8
81 4
82 9
83 11
84 9
85 12
86 2
87 5
88 6
89 8
90 8
91 8
92 11
93 18
94 4
95 16
96 4
97 9
98 11
99 2
2976 -1 24
0 1
4 1
5 2
10 1
12 1
16 2
17 1
18 1
25 1
26 1
31 1
45 1
51 1
52 6
53 2
54 1
57 1
59 1
67 1
73 1
74 1
79 3
82 2
98 1
2977 -1 7
6 1
9 1
23 1
45 2
56 1
65 1
97 1
2978 -1 1
95 1
2979 -1 12
0 1
8 1
11 1
14 1
16 1
22 2
24 2
25 1
32 1
51 1
56 1
57 1
2980 -1 3
4 1
20 2
78 1
2981 -1 3
16 1
26 1
58 1
2982 -1 5
0 1
5 1
9 2
16 1
92 3
2983 -1 1
4 1
2984 -1 3
4 1
43 1
78 1
2985 -1 13
0 1
8 1
13 1
18 1
27 1
34 1
39 1
44 1
48 1
63 1
67 1
98 1
99 1
2986 -1 1
83 1
2987 -1 4
16 1
63 1
72 1
82 1
2988 -1 1
57 8
2989 -1 29
0 1
5 1
9 1
19 1
22 1
24 1
27 1
28 1
30 1
33 1
36 1
41 3
44 2
52 2
56 1
58 3
59 1
69 1
70 1
72 1
74 2
79 1
82 2
91 1
92 1
94 2
95 1
96 1
98 1
2990 -1 1
23 1
2991 -1 20
0 1
1 1
4 2
15 1
28 1
29 1
33 1
37 2
40 1
44 1
49 1
54 1
62 1
69 1
71 1
73 1
77 2
82 1
87 1
97 2
2992 -1 1
14 1
2993 -1 3
22 1
25 1
53 1
2994 -1 79
0 2
1 1
2 1
3 1
4 3
5 1
6 2
7 1
8 1
9 1
11 1
12 3
13 2
14 1
15 2
16 3
17 2
18 1
21 1
22 2
23 1
24 1
26 1
27 1
28 1
29 4
30 1
31 1
32 2
33 1
34 3
35 1
36 2
37 1
38 1
39 2
41 2
42 1
43 1
44 1
45 1
46 2
47 1
49 1
50 1
51 2
52 1
53 1
54 2
57 6
58 1
59 4
60 2
62 1
64 1
65 4
66 1
68 2
70 1
71 1
72 4
73 1
74 1
77 1
78 2
79 1
81 1
82 2
84 1
85 2
87 4
89 1
90 1
93 2
94 2
95 1
96 1
97 1
98 2
2995 -1 4
25 1
43 1
63 1
87 1
2996 -1 4
37 1
41 1
73 1
81 1
2997 -1 1
76 2
2998 -1 11
6 1
18 1
22 1
25 2
28 2
47 1
64 1
68 1
72 1
86 2
98 1
2999 -1 1
12 3
3000 -1 10
25 1
26 1
35 1
41 2
43 1
45 1
52 1
77 1
92 1
98 1
3001 -1 2
52 1
64 1
3002 -1 3
29 2
41 3
76 1
3003 -1 1
12 2
3004 -1 6
26 1
32 1
41 1
70 1
72 1
81 1
3005 -1 1
33 1
3006 -1 1
43 3
3007 -1 2
26 1
58 1
3008 -1 25
0 1
6 2
8 2
10 1
18 2
21 2
22 1
24 1
29 2
33 2
35 1
45 1
51 2
53 1
56 1
66 1
67 1
68 1
69 1
73 1
83 1
84 6
88 1
89 1
90 1
3009 -1 1
56 2
3010 -1 1
91 1
3011 -1 1
71 1
3012 -1 1
91 1
3013 -1 1
7 1
3014 -1 1
21 1
3015 -1 91
0 7
1 3
2 2
3 6
4 9
5 5
6 7
7 1
8 1
9 4
11 3
12 9
13 3
15 2
16 3
17 5
18 5
19 15
20 2
21 4
22 8
23 2
24 2
25 7
26 6
28 4
29 4
31 6
32 5
33 3
34 7
35 2
36 4
37 3
38 4
39 1
40 7
41 6
42 3
43 1
44 3
45 1
47 4
48 1
49 3
50 8
51 5
52 6
53 2
54 5
55 5
56 4
57 10
58 5
59 7
60 4
62 3
63 5
64 4
65 9
66 3
67 4
68 4
69 6
70 2
71 3
72 7
73 4
74 8
75 4
76 1
77 3
78 3
79 2
80 4
81 5
82 10
83 3
84 10
85 7
86 1
87 7
88 2
89 5
92 2
93 7
94 1
95 8
96 1
98 4
99 5
3016 -1 1
28 1
3017 -1 2
43 1
45 1
3018 -1 8
11 1
32 1
49 2
52 3
62 1
64 1
75 3
76 1
3019 -1 2
12 6
51 2
3020 -1 1
15 1
3021 -1 1
43 5
3022 -1 1
85 1
3023 -1 1
47 1
3024 -1 1
48 1
3025 -1 1
7 1
3026 -1 1
22 1
3027 -1 1
17 4
3028 -1 2
52 1
67 1
3029 -1 1
18 1
3030 -1 1
38 1
3031 -1 2
3 1
9 1
3032 -1 1
49 1
3033 -1 1
94 1
3034 -1 7
2 1
32 1
33 1
41 1
78 1
89 1
93 1
3035 -1 2
6 1
48 1
3036 -1 4
1 2
67 8
70 1
82 1
3037 -1 5
17 1
40 1
46 1
51 1
53 1
3038 -1 1
69 1
3039 -1 9
2 1
15 1
28 1
36 1
40 2
47 1
57 1
80 2
89 1
3040 -1 14
2 2
17 2
24 1
28 2
34 4
36 1
40 2
46 2
57 1
61 2
65 1
69 4
72 3
94 1
3041 -1 1
76 1
3042 -1 1
76 2
3043 -1 1
45 1
3044 -1 1
65 1
3045 -1 5
16 1
19 1
34 2
65 1
98 1
3046 -1 1
34 1
3047 -1 2
57 1
65 1
3048 -1 2
17 2
97 1
3049 -1 1
97 1
3050 -1 1
65 1
3051 -1 3
42 1
64 1
68 1
3052 -1 2
42 1
68 1
3053 -1 1
19 1
3054 -1 1
57 1
3055 -1 2
19 4
98 4
3056 -1 4
16 1
39 2
41 1
90 1
3057 -1 1
31 1
3058 -1 1
39 1
3059 -1 2
16 4
41 1
3060 -1 1
58 1
3061 -1 1
17 1
3062 -1 1
51 1
3063 -1 1
92 1
3064 -1 1
83 1
3065 -1 1
41 1
3066 -1 1
13 1
3067 -1 1
15 1
3068 -1 1
79 1
3069 -1 1
6 2
3070 -1 2
15 1
69 1
3071 -1 1
18 1
3072 -1 1
58 1
3073 -1 1
56 2
3074 -1 1
97 3
3075 -1 1
15 1
3076 -1 1
40 4
3077 -1 1
54 1
3078 -1 1
5 1
3079 -1 1
67 13
3080 -1 1
38 1
3081 -1 2
15 1
50 1
3082 -1 1
95 1
3083 -1 2
57 4
80 1
3084 -1 2
53 2
60 2
3085 -1 2
53 2
60 1
3086 -1 23
0 1
6 1
8 2
9 4
15 2
16 2
47 2
48 1
52 1
58 1
60 1
64 1
65 2
67 2
68 2
69 2
72 1
73 1
76 1
83 1
85 1
86 1
98 1
3087 -1 5
23 1
28 1
59 1
65 1
91 1
3088 -1 5
4 1
15 1
28 1
45 1
79 1
3089 -1 3
47 1
72 1
88 1
3090 -1 6
29 1
37 1
40 1
41 1
42 1
87 1
3091 -1 1
96 2
3092 -1 1
4 1
3093 -1 1
3 1
3094 -1 1
91 1
3095 -1 1
15 1
3096 -1 1
37 4
3097 -1 1
23 1
3098 -1 1
40 1
3099 -1 1
18 1
3100 -1 2
3 4
58 1
3101 -1 1
97 1
3102 -1 12
0 1
3 2
8 1
15 1
18 1
19 1
46 1
48 1
56 1
68 1
90 4
93 1
3103 -1 5
30 1
32 1
49 1
69 1
81 1
3104 -1 3
63 2
69 1
99 1
3105 -1 3
7 2
85 1
93 1
3106 -1 1
44 2
3107 -1 1
29 3
3108 -1 1
60 1
3109 -1 4
47 1
57 1
87 1
93 1
3110 -1 2
37 1
47 1
3111 -1 1
66 1
3112 -1 5
5 1
9 1
25 1
39 1
53 1
3113 -1 1
79 1
3114 -1 2
6 2
17 1
3115 -1 1
55 1
3116 -1 1
3 1
3117 -1 1
49 1
3118 -1 3
17 1
36 1
46 2
3119 -1 1
44 1
3120 -1 3
22 1
75 1
87 2
3121 -1 1
57 1
3122 -1 1
82 1
3123 -1 1
72 2
3124 -1 1
97 2
3125 -1 1
97 4
3126 -1 1
97 2
3127 -1 1
34 1
3128 -1 1
16 1
3129 -1 1
17 1
3130 -1 1
65 3
3131 -1 1
89 1
3132 -1 1
6 2
3133 -1 2
19 2
69 3
3134 -1 1
69 1
3135 -1 1
44 1
3136 -1 1
74 5
3137 -1 1
44 1
3138 -1 5
63 1
64 1
74 1
79 1
96 1
3139 -1 1
32 1
3140 -1 1
92 2
3141 -1 2
31 1
89 1
3142 -1 1
26 1
3143 -1 2
5 2
75 1
3144 -1 4
16 1
19 1
84 1
93 1
3145 -1 5
6 1
17 1
37 1
59 1
79 1
3146 -1 22
19 1
20 1
21 1
28 2
40 1
42 1
44 1
45 1
48 1
52 1
53 2
59 4
60 1
61 1
63 1
65 1
66 1
69 1
75 3
77 2
84 2
93 1
3147 -1 22
0 1
2 1
4 2
22 1
25 1
28 1
38 1
43 1
44 2
48 1
49 1
52 1
59 2
60 1
66 1
68 1
72 1
73 1
76 1
78 1
95 1
99 1
3148 -1 3
12 1
58 1
74 1
3149 -1 1
74 1
3150 -1 1
23 1
3151 -1 7
13 1
22 1
41 1
50 1
58 1
64 2
67 1
3152 -1 7
26 7
31 1
41 2
50 1
53 3
67 1
99 2
3153 -1 5
1 1
18 1
48 1
57 1
67 1
3154 -1 28
2 3
3 1
10 1
16 1
21 1
28 2
32 2
38 1
40 1
44 1
49 1
50 2
57 4
63 2
66 1
67 2
68 1
70 2
74 1
78 1
80 1
84 1
85 1
86 1
89 1
94 1
95 2
96 1
3155 -1 1
49 2
3156 -1 2
59 1
63 1
3157 -1 1
34 1
3158 -1 2
12 8
58 1
3159 -1 1
93 1
3160 -1 2
26 1
87 1
3161 -1 1
17 1
3162 -1 1
48 1
3163 -1 1
77 2
3164 -1 1
77 1
3165 -1 1
79 1
3166 -1 1
59 1
3167 -1 1
44 1
3168 -1 2
2 1
28 2
3169 -1 1
93 1
3170 -1 2
12 2
67 1
3171 -1 4
36 1
43 1
61 1
70 1
3172 -1 2
32 1
42 1
3173 -1 1
58 3
3174 -1 1
76 1
3175 -1 2
12 1
97 2
3176 -1 2
17 1
92 3
3177 -1 3
35 1
60 2
98 1
3178 -1 1
77 2
3179 -1 3
15 1
19 2
54 1
3180 -1 3
4 1
5 1
52 1
3181 -1 7
13 2
19 1
25 1
37 1
56 1
61 2
95 1
3182 -1 1
95 1
3183 -1 3
4 1
24 1
56 1
3184 -1 3
2 1
51 1
92 1
3185 -1 2
15 1
79 1
3186 -1 4
0 1
15 2
73 1
79 1
3187 -1 1
79 1
3188 -1 1
14 1
3189 -1 2
23 1
50 2
3190 -1 2
50 1
84 1
3191 -1 1
65 1
3192 -1 1
50 1
3193 -1 1
4 1
3194 -1 4
43 1
52 1
55 1
83 2
3195 -1 1
15 1
3196 -1 1
16 1
3197 -1 1
35 1
3198 -1 7
0 2
33 1
34 1
57 1
67 1
73 2
85 1
3199 -1 6
9 1
16 1
26 1
36 1
46 2
78 1
3200 -1 1
4 1
3201 -1 5
17 1
38 2
48 3
52 1
89 1
3202 -1 3
15 2
67 1
89 1
3203 -1 8
0 3
13 2
16 1
29 1
38 1
44 1
59 1
64 1
3204 -1 2
22 1
85 1
3205 -1 1
93 1
3206 -1 1
93 1
3207 -1 1
93 6
3208 -1 2
57 2
77 1
3209 -1 1
48 1
3210 -1 6
38 1
47 1
50 1
65 1
69 1
85 2
3211 -1 1
43 1
3212 -1 1
80 1
3213 -1 1
42 1
3214 -1 1
57 6
3215 -1 1
32 1
3216 -1 1
34 1
3217 -1 1
28 1
3218 -1 1
53 1
3219 -1 1
85 1
3220 -1 2
53 1
72 1
3221 -1 1
23 1
3222 -1 1
97 4
3223 -1 1
99 3
3224 -1 1
99 1
3225 -1 1
78 1
3226 -1 1
78 1
3227 -1 1
83 1
3228 -1 1
44 1
3229 -1 7
2 2
12 1
28 1
40 1
44 1
68 1
82 1
3230 -1 1
23 1
3231 -1 5
5 1
13 1
19 3
29 1
89 1
3232 -1 3
59 1
74 1
86 1
3233 -1 84
0 4
1 3
2 3
3 7
4 3
5 2
7 2
8 1
9 6
10 3
11 2
15 2
16 5
17 1
18 1
19 4
20 4
21 1
22 6
23 3
24 3
25 3
26 3
27 1
28 3
30 2
31 2
32 3
33 1
34 3
35 2
36 2
38 3
39 1
40 2
41 3
42 1
45 2
46 5
47 2
48 4
49 1
50 4
51 4
53 4
54 3
55 6
56 2
57 2
58 3
59 5
60 2
61 4
63 1
64 1
65 3
66 1
67 4
69 4
70 2
72 6
73 3
74 2
75 5
76 1
77 5
78 2
79 2
80 3
82 1
83 1
84 3
85 3
86 4
87 3
88 2
90 3
92 9
93 2
94 4
95 4
97 3
98 5
99 1
3234 -1 2
34 1
38 2
3235 -1 1
69 1
3236 -1 1
97 1
3237 -1 1
34 2
3238 -1 1
72 1
3239 -1 1
49 1
3240 -1 3
43 1
67 1
93 1
3241 -1 1
49 1
3242 -1 1
1 2
3243 -1 1
52 1
3244 -1 1
36 1
3245 -1 1
89 3
3246 -1 3
4 1
24 1
44 1
3247 -1 1
36 1
3248 -1 1
36 3
3249 -1 16
3 2
9 2
28 1
32 2
41 1
43 1
50 1
64 1
73 1
78 1
79 2
80 2
92 1
95 1
96 1
98 1
3250 -1 4
28 1
40 1
50 1
68 2
3251 -1 2
72 1
95 2
3252 -1 19
0 1
1 1
2 2
3 1
4 1
9 1
10 1
15 1
17 1
36 1
41 2
46 1
57 1
73 1
76 1
78 1
85 1
87 2
94 1
3253 -1 17
5 1
9 1
10 1
18 1
22 2
33 1
34 1
38 1
39 1
42 1
50 1
59 1
62 1
65 2
70 1
82 1
90 1
3254 -1 1
90 1
3255 -1 3
0 1
72 1
77 1
3256 -1 39
0 2
2 2
4 2
6 5
10 1
14 1
16 1
17 1
19 4
21 1
22 1
26 4
28 1
30 1
34 3
37 2
38 1
41 2
43 1
46 1
48 2
56 2
57 3
62 1
68 1
69 4
73 2
74 1
80 1
84 2
85 1
87 1
88 2
90 1
93 1
94 1
96 1
97 1
99 1
3257 -1 18
1 1
3 1
5 1
22 1
33 1
35 1
42 1
46 1
48 1
55 1
57 1
67 2
74 1
79 1
84 2
92 1
96 2
97 1
3258 -1 1
57 1
3259 -1 1
25 1
3260 -1 2
22 1
90 1
3261 -1 5
2 1
63 1
68 1
70 1
85 1
3262 -1 1
36 2
3263 -1 6
0 1
37 1
41 1
59 1
62 1
76 1
3264 -1 1
4 1
3265 -1 1
79 1
3266 -1 1
52 1
3267 -1 1
2 1
3268 -1 5
7 1
11 2
31 3
57 2
59 1
3269 -1 1
83 1
3270 -1 1
39 1
3271 -1 3
26 1
39 1
58 2
3272 -1 1
26 1
3273 -1 2
51 1
55 1
3274 -1 1
68 1
3275 -1 68
0 1
3 1
6 1
7 2
8 1
9 1
10 2
13 3
14 2
15 1
17 3
18 1
21 1
24 1
26 3
27 2
28 3
30 1
31 1
32 1
34 1
36 1
37 2
38 1
39 1
40 2
41 3
42 1
43 3
44 1
45 1
47 2
48 1
50 1
51 1
52 2
53 2
55 1
56 1
58 3
61 2
62 2
63 2
64 3
65 3
67 2
68 1
69 1
70 2
72 1
73 1
74 2
76 2
78 2
80 2
81 2
83 2
84 1
85 3
86 1
87 2
88 1
91 1
92 1
93 2
94 1
95 2
99 1
3276 -1 2
4 1
43 1
3277 -1 14
10 1
19 1
40 1
45 1
46 1
47 1
50 1
69 1
80 1
81 1
84 1
92 1
94 1
98 1
3278 -1 1
24 2
3279 -1 1
86 4
3280 -1 14
4 1
6 1
7 1
9 1
13 1
23 1
29 1
48 2
51 1
57 1
62 1
67 3
84 1
93 1
3281 -1 1
52 1
3282 -1 1
94 1
3283 -1 2
29 1
53 1
3284 -1 1
93 5
3285 -1 4
13 1
19 1
23 1
41 1
3286 -1 1
76 1
3287 -1 7
15 1
17 1
22 1
67 1
72 1
87 1
95 2
3288 -1 1
29 1
3289 -1 4
0 2
14 1
16 1
52 1
3290 -1 1
0 1
3291 -1 1
50 1
3292 -1 1
50 1
3293 -1 1
20 1
3294 -1 2
0 1
73 1
3295 -1 1
91 1
3296 -1 1
49 2
3297 -1 1
61 1
3298 -1 1
52 1
3299 -1 3
25 1
30 1
64 1
3300 -1 1
22 1
3301 -1 2
75 1
89 1
3302 -1 3
10 1
40 1
72 1
3303 -1 2
43 1
65 1
3304 -1 2
38 1
73 1
3305 -1 5
0 1
15 1
21 2
48 1
73 1
3306 -1 1
21 1
3307 -1 2
6 1
47 2
3308 -1 1
47 2
